é 1 0 1 1 7 85 3 2 1 1 3 2 4 5
è 1 0 1 1 8 170 3 2 1 1 2 1 5 10
ç 2 1 2 2 5 21 1 1 3 2 2 2 4 5
à 1 0 2 2 8 170 3 2 1 1 4 5 3 2
ù 1 0 3 5 4 10 3 2 1 1 2 1 3 2
â 1 0 2 2 7 85 2 2 1 1 5 10 4 5
ê 1 0 1 1 7 85 2 2 1 1 3 2 6 21
û 1 0 3 5 3 5 2 2 1 1 3 2 4 5
î 1 0 3 2 3 5 1 1 3 2 2 2 2 1
ô 1 0 3 5 5 21 2 2 1 1 3 2 4 5
ä 3 2 3 5 6 42 4 10 1 1 4 5 2 1
ë 3 2 2 1 6 42 4 10 1 1 2 1 4 5
ö 3 2 3 5 4 10 3 5 1 1 2 1 2 1
ü 3 5 3 5 2 2 4 10 1 1 2 1 2 1
Ä 3 2 5 10 5 10 3 2 1 1 2 1 2 1
Ë 1 1 2 1 6 42 1 1 1 1 2 1 7 42
Ï 3 2 3 2 2 2 1 1 3 2 4 5 4 5
Ö 3 2 3 5 4 10 3 2 1 1 2 1 2 1
Ü 3 5 3 5 2 2 3 5 1 1 2 1 2 1
Â 3 2 5 10 6 21 3 2 1 1 3 2 4 5
0 3 5 3 5 3 5 1 1 1 1 2 1 2 1
1 3 2 3 2 1 1 2 1 1 1 3 2 2 1
2 2 2 3 2 5 21 1 1 1 1 4 5 4 5
3 2 2 2 2 5 21 1 1 1 1 4 5 2 1
4 3 2 1 1 2 2 3 2 3 2 4 10 2 1
5 3 2 2 2 5 21 2 2 1 1 4 5 2 1
6 2 1 3 5 5 21 2 1 1 1 2 1 2 1
7 3 2 3 2 3 5 1 1 3 2 1 1 3 5
8 3 5 3 5 5 21 1 1 1 1 2 1 2 1
9 3 5 2 2 5 21 1 1 2 2 4 5 2 1
ît 3 2 5 10 3 2 2 1 4 10 4 5 1 0
fi 2 1 3 5 2 1 1 1 3 5 2 1 3 2
ft 4 5 4 5 3 2 2 1 3 5 2 1 1 0
fh 4 5 5 21 1 1 2 1 5 21 2 1 3 2
fk 4 5 4 5 1 1 2 1 3 5 2 1 3 2
fl 3 5 3 5 2 1 1 1 3 5 2 1 2 1
ff 4 5 4 5 2 2 1 1 4 5 2 1 2 1
fb 4 5 5 21 1 1 2 1 3 5 2 1 3 2
fff 6 21 6 21 4 5 1 1 6 21 2 1 2 1
ffi 4 5 5 21 1 1 1 1 5 21 2 1 4 5
fft 6 21 6 21 4 5 2 1 5 21 2 1 1 0
ffh 6 21 7 85 2 1 2 1 7 85 2 1 2 1
ffk 6 21 6 21 2 1 2 1 5 21 2 1 2 1
ffl 5 21 5 21 1 1 1 1 5 21 2 1 2 1
ffb 6 21 7 85 2 1 2 1 5 21 2 1 2 1
ffff 8 85 8 85 2 2 1 1 8 85 2 1 2 1
fffi 6 21 7 85 2 1 1 1 7 85 2 1 2 1
ffft 8 85 8 85 2 2 2 1 7 85 2 1 2 1
fffh 8 85 9 341 1 1 2 1 9 341 2 1 2 1
fffk 8 85 8 85 1 1 2 1 7 85 2 1 2 1
fffl 7 85 7 85 2 1 1 1 7 85 2 1 2 1
fffb 8 85 9 341 1 1 2 1 7 85 2 1 2 1
A 5 10 1 1 4 5 3 2 3 5 3 2 2 1
B 3 5 3 5 5 21 1 1 1 1 2 1 2 1
C 2 1 2 1 3 5 1 1 1 1 2 1 2 1
D 3 5 3 5 3 5 2 1 2 1 2 1 2 1
E 2 1 2 1 5 21 1 1 1 1 2 1 4 5
F 2 1 2 1 4 5 1 1 2 1 2 1 3 5
G 2 1 3 5 3 5 1 1 1 1 2 1 2 1
H 3 5 3 5 3 2 3 5 3 5 2 1 2 1
I 3 2 3 2 1 1 1 1 1 1 2 1 2 1
J 2 2 2 2 3 5 2 2 1 1 3 2 2 1
K 2 1 2 1 5 10 3 5 3 5 2 1 4 5
L 2 1 2 1 2 2 2 1 1 1 2 1 3 2
M 3 5 3 5 3 2 3 5 3 5 2 1 2 1
N 3 5 3 5 3 2 3 5 3 5 2 1 2 1
O 3 5 3 5 3 5 1 1 1 1 2 1 2 1
P 3 5 2 1 4 5 1 1 2 1 2 1 3 5
Q 3 5 3 5 4 5 1 1 2 2 3 5 2 1
R 4 5 4 5 4 5 2 1 3 5 2 1 2 1
S 2 1 2 2 5 21 1 1 1 1 4 5 2 1
T 3 2 3 2 1 1 1 1 3 2 1 1 1 1
U 3 5 3 5 2 2 3 5 1 1 2 1 2 1
V 3 5 3 2 2 2 3 5 3 2 3 5 3 5
W 5 21 5 10 2 1 5 21 5 10 2 1 2 1
X 3 2 3 2 3 2 3 5 3 5 4 5 4 5
Y 3 2 3 2 2 2 3 5 3 2 3 5 3 5
Z 2 2 2 1 5 21 1 1 1 1 2 1 4 5
a 2 2 3 5 5 21 2 2 1 1 2 1 2 1
b 2 1 3 5 4 10 2 1 1 1 2 1 3 2
c 2 1 2 1 3 5 1 1 1 1 2 2 2 1
d 2 2 3 5 4 10 2 2 1 1 3 2 2 1
e 3 5 2 1 5 21 1 1 1 1 2 1 4 5
f 2 1 2 1 4 5 1 1 2 1 1 0 3 5
g 3 5 2 2 5 21 1 1 2 2 4 5 2 1
h 2 1 3 5 3 2 2 1 3 5 2 1 3 2
i 1 1 1 1 3 5 1 1 1 1 2 2 2 2
j 1 1 2 2 3 5 1 1 1 1 5 10 3 5
k 2 1 2 1 3 2 2 1 1 1 2 1 5 10
l 1 1 1 1 1 1 1 1 1 1 2 2 2 2
m 5 21 5 21 2 2 1 1 5 21 2 1 2 1
n 3 5 3 5 2 1 1 1 3 5 2 1 2 1
o 3 5 3 5 3 5 1 1 1 1 2 1 2 1
p 3 5 2 1 4 5 1 1 2 1 2 1 3 5
q 3 5 2 2 4 5 1 1 2 2 3 5 2 1
r 1 1 2 1 3 2 1 1 2 1 2 1 2 2
s 2 1 2 2 5 21 1 1 1 1 3 2 4 5
t 1 1 2 1 4 10 2 1 1 1 3 5 5 10
u 3 5 3 5 2 2 3 5 1 1 2 1 2 1
v 3 5 3 2 2 2 3 5 3 2 3 5 3 5
w 5 21 1 1 2 1 5 21 5 10 2 1 2 1
x 3 5 3 2 3 2 3 5 3 5 2 1 2 1
y 3 2 3 2 3 2 3 5 3 2 4 5 3 5
z 2 2 3 2 5 21 1 1 1 1 2 1 4 5
— 0 0 1 1 1 1 1 0 1 0 1 1 1 1
\\ 3 2 3 2 3 2 2 1 2 2 3 5 4 10
/ 3 2 3 2 3 2 2 2 2 1 3 2 4 10
: 1 1 1 0 3 5 1 1 1 1 2 2 2 2
* 5 21 5 21 1 1 3 2 3 2 2 2 2 2
< 3 2 3 2 5 10 2 2 2 2 4 10 4 5
> 3 2 3 2 5 10 2 1 2 1 2 1 6 42
& 4 5 4 5 6 42 2 1 1 1 2 1 3 2
~ 4 10 5 21 2 2 4 10 4 5 2 1 1 0
' 1 1 1 1 1 1 1 1 1 1 2 2 2 2
` 2 1 2 2 1 1 1 0 1 0 1 1 1 0
( 2 1 2 1 3 5 2 2 2 2 4 10 4 5
[ 2 1 2 1 3 5 1 1 1 1 2 1 2 1
- 0 0 1 1 1 1 1 0 1 0 1 1 1 1
_ 0 0 1 1 1 1 1 0 1 0 1 1 1 1
ç 2 1 2 2 5 21 1 1 3 2 2 2 4 5
@ 5 21 7 85 7 85 1 1 2 1 2 1 4 5
) 2 2 2 2 3 2 2 1 2 1 2 1 2 2
] 2 2 2 2 1 1 1 1 1 1 2 1 2 1
° 3 2 3 5 3 5 3 2 3 2 2 2 2 1
= 1 1 1 0 3 5 1 1 1 1 2 1 2 1
} 3 2 3 2 3 2 2 1 2 1 2 1 4 10
£ 3 2 3 2 5 21 2 2 1 1 1 0 6 21
$ 5 21 5 21 4 5 3 2 3 2 6 42 6 42
¤ 3 2 5 10 5 10 1 1 1 1 2 1 2 1
µ 3 5 1 1 3 2 3 5 2 1 2 1 3 5
% 6 21 6 42 3 2 4 5 4 10 3 5 3 2
§ 2 1 3 2 7 85 1 1 1 1 4 5 4 5
! 1 1 1 1 3 5 1 1 1 1 2 2 2 2
; 1 0 1 1 4 5 1 1 1 1 2 2 2 2
. 1 1 1 1 1 1 1 0 1 0 2 2 2 2
, 1 1 1 1 2 1 1 1 2 1 2 2 2 2
+ 3 2 3 2 1 1 3 2 3 2 4 10 4 10
€ 2 1 3 2 7 85 2 2 2 2 2 2 6 21
# 2 2 2 1 4 10 2 2 2 1 5 10 3 2
Й 3 5 3 5 5 10 3 2 3 5 2 1 5 21
Ц 4 5 4 5 3 2 4 5 1 1 3 5 3 5
У 5 10 3 2 3 2 3 5 3 2 4 5 3 5
К 4 5 4 5 3 2 3 5 3 5 2 1 4 5
Г 2 1 2 1 2 1 1 1 2 1 2 1 1 1
Ш 5 21 5 21 1 1 5 21 1 1 2 1 2 1
Щ 6 21 6 21 2 1 6 21 1 1 3 5 3 5
З 2 2 2 2 5 21 1 1 1 1 4 5 2 1
Ъ 3 2 4 10 4 10 2 1 2 2 1 1 5 10
Ф 5 21 5 21 1 1 3 2 3 2 2 2 2 1
\x2 1 1 1 1 1 1 1 1 1 1 2 2 2 2
П 3 5 3 5 2 1 1 1 3 5 2 1 2 1
Л 4 10 4 10 2 1 2 2 3 5 2 1 2 1
Д 5 10 5 10 4 5 3 2 1 1 2 1 2 1
Ж 7 42 7 42 1 1 5 21 5 21 2 1 2 1
Э 2 2 2 2 5 21 1 1 1 1 4 5 2 1
Я 4 10 4 10 4 5 2 2 3 5 3 2 2 1
Ч 3 5 2 2 3 2 3 5 2 2 3 5 2 1
И 3 5 3 5 3 2 3 5 3 5 2 1 3 5
Ь 2 1 3 5 4 10 2 1 1 1 2 1 3 2
Б 2 1 3 5 5 21 2 1 1 1 2 1 2 1
Ю 5 21 5 21 1 1 3 5 3 5 2 1 2 1
й 1 0 3 5 5 10 1 1 3 5 2 1 4 10
ц 4 5 1 1 3 2 4 5 2 2 3 5 2 1
к 4 5 4 5 3 2 3 5 3 5 2 1 4 5
н 3 5 3 5 3 2 3 5 3 5 2 1 2 1
г 2 1 2 1 2 1 1 1 2 1 2 1 1 1
ш 5 21 5 21 1 1 5 21 1 1 2 1 2 1
щ 6 21 1 1 2 1 6 21 2 2 3 5 2 1
з 2 2 2 2 5 21 1 1 1 1 2 1 4 5
ъ 3 2 4 10 4 10 2 1 2 2 1 1 5 10
ф 3 2 5 21 1 1 3 2 3 2 4 10 2 1
\x1 1 1 1 1 1 1 1 1 1 1 2 2 2 2
в 3 5 3 5 5 21 1 1 1 1 2 1 2 1
п 3 5 3 5 2 1 1 1 3 5 2 1 2 1
л 4 10 4 10 2 1 2 2 3 5 2 1 2 1
д 5 10 1 1 4 5 3 2 3 5 3 2 3 5
ж 7 42 3 2 1 1 5 21 5 21 2 1 2 1
э 2 2 2 2 5 21 1 1 1 1 2 1 4 5
я 3 5 2 2 4 5 1 1 3 5 2 1 2 1
ч 3 5 2 2 3 2 3 5 2 2 3 5 2 1
м 3 5 5 21 3 2 3 5 5 21 2 1 2 1
и 3 5 3 5 3 2 3 5 3 5 2 1 4 10
т 3 2 3 2 1 1 1 1 3 2 1 1 1 1
ь 2 1 3 5 4 10 2 1 1 1 2 1 3 2
б 2 1 3 5 5 21 1 1 1 1 1 0 2 1
ю 5 21 5 21 1 1 3 5 3 5 2 1 2 1
1 3 2 3 2 1 1 2 1 1 1 3 2 2 1
2 2 2 3 2 5 21 1 1 1 1 2 1 4 5
3 2 2 2 2 5 21 1 1 1 1 2 1 4 5
4 3 2 4 5 5 10 3 2 1 1 4 10 4 10
5 2 1 2 2 5 21 1 1 1 1 4 5 4 5
6 2 1 3 5 5 21 1 1 1 1 4 10 4 5
7 3 2 3 2 4 5 1 1 3 2 1 1 3 5
8 3 5 3 5 5 21 1 1 1 1 4 10 4 5
9 3 5 2 2 5 21 1 1 1 1 3 2 4 5
0 3 5 3 5 3 5 1 1 1 1 2 2 2 1
( 2 1 2 1 5 10 2 2 2 2 4 10 2 1
[ 2 1 2 1 3 5 1 1 1 1 2 2 2 2
- 0 0 1 1 1 1 1 0 1 0 1 1 1 1
_ 0 0 1 1 1 1 1 0 1 0 1 1 1 1
] 2 2 2 2 1 1 1 1 1 1 2 2 2 2
) 2 2 2 2 5 10 2 1 2 1 2 1 4 10
. 1 1 1 1 1 1 1 0 1 0 2 2 2 2
; 1 0 2 2 4 5 2 2 1 1 2 2 2 2
' 1 1 1 1 1 1 1 1 1 1 2 2 2 2
# 1 1 1 1 5 10 5 10 5 10 3 2 2 1
@ 6 42 7 85 7 85 2 2 2 1 1 0 4 5
$ 4 5 4 10 1 1 1 1 1 1 6 42 2 1
~ 4 10 4 5 2 2 1 0 1 0 2 1 2 1
% 6 21 5 10 3 2 4 5 4 10 4 5 4 5
— 0 0 1 1 1 1 1 0 1 0 1 1 1 1
! 1 1 1 1 3 5 1 1 1 1 2 2 2 2
* 3 2 3 2 2 1 3 2 5 10 2 2 3 5
: 1 1 1 0 3 5 1 1 1 1 2 2 2 2
, 2 2 2 2 2 1 2 2 2 1 2 2 2 2
a 2 2 3 5 5 21 1 1 1 1 3 5 4 5
б 2 1 3 5 5 21 2 1 1 1 4 10 4 5
в 3 5 3 5 5 21 1 1 1 1 2 1 4 5
г 2 1 2 1 2 1 1 1 2 1 2 1 1 1
д 5 10 1 1 4 5 3 2 3 5 3 2 2 1
e 3 5 2 1 5 21 1 1 1 1 2 2 4 5
ё 3 2 2 1 7 85 4 5 1 1 3 5 6 21
ж 7 42 3 2 1 1 5 21 5 21 4 5 2 2
з 2 2 2 2 5 21 1 1 1 1 2 1 4 5
и 3 5 5 21 3 2 3 5 3 5 2 1 4 10
й 1 0 5 21 5 10 2 2 3 5 3 2 4 10
i 1 0 1 1 3 5 1 1 1 1 2 2 2 2
к 4 5 2 1 5 10 3 5 3 5 2 1 4 10
л 4 10 4 10 2 1 2 2 3 5 3 2 2 1
м 3 5 7 85 2 2 3 5 5 21 2 1 3 5
н 3 5 3 5 3 2 3 5 3 5 2 1 4 10
o 3 5 3 5 3 5 1 1 1 1 2 2 2 1
п 3 5 3 5 2 1 1 1 3 5 2 1 1 1
p 3 5 2 1 4 5 1 1 2 1 2 1 3 5
c 2 1 2 1 3 5 1 1 1 1 2 2 2 1
т 3 2 3 2 1 1 1 1 3 2 1 1 2 1
у 5 10 3 2 3 2 3 5 2 1 4 5 3 5
ф 3 2 5 21 1 1 3 2 3 2 4 10 6 42
х 5 10 3 2 3 2 3 5 3 5 2 1 4 10
ц 4 5 1 1 3 2 4 5 2 2 3 5 2 1
ч 3 5 2 2 3 2 3 5 2 2 3 5 4 10
ш 5 21 5 21 1 1 5 21 1 1 2 1 2 1
щ 6 21 1 1 3 2 6 21 2 2 3 5 3 5
ъ 3 2 4 10 4 10 2 1 2 2 1 1 5 10
ь 2 1 3 5 4 10 2 1 1 1 2 1 5 10
ѣ 3 2 3 2 6 42 2 1 2 2 2 2 5 10
э 2 2 2 2 5 21 1 1 1 1 2 1 4 5
ю 5 21 5 21 3 5 3 5 3 5 2 1 2 1
я 3 5 2 2 4 5 1 1 3 5 3 2 3 5
ѳ 3 5 3 5 5 21 1 1 1 1 2 1 2 1
ѵ 5 21 5 10 3 2 3 5 3 2 3 5 3 5
A 5 10 5 10 4 5 3 2 1 1 3 2 5 21
Б 2 1 3 5 5 21 2 1 1 1 2 1 4 5
В 3 5 3 5 5 21 1 1 1 1 2 1 4 5
Г 2 1 2 1 2 1 1 1 2 1 2 1 1 1
Д 5 10 5 10 4 5 3 2 1 1 3 2 3 5
E 2 1 2 1 5 21 1 1 1 1 2 1 4 5
Ё 2 1 2 1 6 42 1 1 1 1 3 2 7 42
Ж 7 42 7 42 1 1 5 21 5 21 4 5 4 10
З 2 2 2 2 5 21 1 1 1 1 4 10 4 5
И 5 21 5 21 3 2 3 5 3 5 2 1 3 5
Й 3 5 5 21 5 10 3 5 3 5 3 2 5 21
I 3 2 3 2 1 1 1 1 1 1 2 1 2 1
K 4 5 4 5 5 10 3 5 3 5 2 1 4 5
Л 4 10 4 10 2 1 2 2 3 5 3 2 1 1
M 3 5 7 85 2 2 3 5 5 21 2 1 2 1
H 3 5 3 5 3 2 3 5 3 5 2 1 4 10
O 3 5 3 5 3 5 1 1 1 1 2 2 4 5
П 3 5 3 5 2 1 1 1 3 5 2 1 1 1
P 3 5 2 1 4 5 1 1 2 1 2 1 3 5
C 2 1 2 1 3 5 1 1 1 1 2 2 4 5
T 3 2 3 2 1 1 1 1 3 2 1 1 1 1
У 5 10 3 2 3 2 3 5 2 1 4 5 2 2
Ф 5 21 5 21 1 1 1 1 1 1 2 2 4 10
X 5 10 5 10 3 2 3 5 3 5 4 5 4 10
Ц 4 5 4 5 3 2 4 5 1 1 3 5 3 5
Ч 3 5 2 2 3 2 3 5 2 2 3 5 2 1
Ш 5 21 5 21 1 1 5 21 1 1 2 1 2 1
Щ 6 21 6 21 3 2 6 21 1 1 3 5 3 5
Ъ 3 2 4 10 4 10 2 1 2 2 1 1 5 10
Ь 2 1 3 5 4 10 2 1 1 1 2 1 5 10
Ѣ 3 2 4 10 6 42 2 1 2 2 2 2 5 10
Э 2 2 2 2 5 21 1 1 1 1 6 21 2 2
Ю 5 21 5 21 3 5 3 5 3 5 2 1 4 5
Я 4 10 4 10 4 5 2 2 3 5 3 2 2 1
Ѳ 3 5 5 21 5 21 1 1 1 1 2 2 6 21
Ѵ 5 10 5 10 3 2 3 5 3 2 3 5 3 5
\x1 1 1 1 1 1 1 1 1 1 1 2 2 2 2
\x2 1 1 1 1 1 1 1 1 1 1 2 2 2 2
КЛ 7 85 7 85 2 2 5 21 5 21 2 1 3 5
ТУ 7 42 5 10 3 5 3 5 5 10 2 1 1 0
ту 7 42 5 10 3 5 3 5 3 2 3 5 3 2
ѳѵ 7 85 8 85 2 1 3 5 4 5 2 1 2 1
0 4 5 4 5 3 5 2 1 2 1 2 1 2 1
0 4 5 4 5 3 5 2 1 2 1 2 1 2 1
0 4 5 4 5 3 5 2 1 2 1 2 1 2 1
0 4 5 4 5 3 5 2 1 2 1 2 1 2 1
i 1 1 1 1 3 5 1 1 1 1 2 2 2 2
0 4 10 4 10 3 5 2 2 2 2 2 2 4 5
0 4 10 4 10 3 5 2 2 2 2 2 2 4 5
0 4 10 4 10 3 5 2 2 2 2 2 2 4 5
0 4 10 4 10 3 5 2 2 2 2 2 2 4 5
1 2 2 2 2 3 2 1 1 2 2 4 10 2 2
1 2 2 2 2 3 2 1 1 2 2 4 10 2 2
1 2 2 2 2 3 2 1 1 2 2 4 10 2 2
1 2 2 2 2 3 2 1 1 2 2 4 10 2 2
i 1 1 1 1 3 5 1 1 1 1 2 2 2 2
1 2 2 2 2 2 2 1 1 2 2 4 10 1 0
1 2 2 2 2 2 2 1 1 2 2 4 10 1 0
1 2 2 2 2 2 2 1 1 2 2 4 10 1 0
1 2 2 2 2 2 2 1 1 2 2 4 10 1 0
2 3 2 3 2 5 21 3 2 1 1 4 5 4 5
2 3 2 3 2 5 21 3 2 1 1 4 5 4 5
2 3 2 3 2 5 21 3 2 1 1 4 5 4 5
2 3 2 3 2 5 21 3 2 1 1 4 5 4 5
i 2 2 2 2 3 5 1 1 2 2 2 2 2 2
2 2 2 3 2 5 21 1 1 1 1 4 5 4 5
2 2 2 3 2 5 21 1 1 1 1 4 5 4 5
2 2 2 3 2 5 21 1 1 1 1 4 5 4 5
2 2 2 3 2 5 21 1 1 1 1 4 5 4 5
3 2 2 2 2 5 21 1 1 1 1 6 21 4 5
3 2 2 2 2 5 21 1 1 1 1 6 21 4 5
3 2 2 2 2 5 21 1 1 1 1 6 21 4 5
3 2 2 2 2 5 21 1 1 1 1 6 21 4 5
i 1 1 1 1 3 5 1 1 1 1 2 2 2 2
3 3 2 2 2 5 21 2 1 1 1 6 21 4 10
3 3 2 2 2 5 21 2 1 1 1 6 21 4 10
3 3 2 2 2 5 21 2 1 1 1 6 21 4 10
3 3 2 2 2 5 21 2 1 1 1 6 21 4 10
4 5 10 1 1 5 10 3 2 3 2 4 10 2 1
4 5 10 1 1 5 10 3 2 3 2 4 10 2 1
4 5 10 1 1 5 10 3 2 3 2 4 10 2 1
i 1 1 1 1 3 5 1 1 1 1 2 2 2 2
4 3 2 1 1 5 10 3 2 3 2 4 10 2 1
i 2 2 2 2 3 5 1 1 2 2 2 2 2 2
4 5 10 1 1 5 10 3 2 3 2 4 10 2 1
4 5 10 1 1 5 10 3 2 3 2 4 10 2 1
i 1 1 1 1 3 5 1 1 1 1 2 2 2 2
4 5 10 1 1 5 10 3 2 3 2 4 10 2 1
i 1 1 1 1 3 5 1 1 1 1 2 2 2 2
4 3 2 1 1 5 10 3 2 3 2 4 10 2 1
5 3 2 2 2 5 21 2 2 1 1 4 5 2 1
5 3 2 2 2 5 21 2 2 1 1 4 5 2 1
5 3 2 2 2 5 21 2 2 1 1 4 5 2 1
5 3 2 2 2 5 21 2 2 1 1 4 5 2 1
i 1 1 1 1 3 5 1 1 1 1 2 2 2 2
5 2 1 2 2 5 21 2 1 1 1 4 5 3 5
5 2 1 2 2 5 21 2 1 1 1 4 5 3 5
5 2 1 2 2 5 21 2 1 1 1 4 5 3 5
5 2 1 2 2 5 21 2 1 1 1 4 5 3 5
6 2 1 3 5 5 21 1 1 1 1 1 0 2 1
6 2 1 3 5 5 21 1 1 1 1 1 0 2 1
6 2 1 3 5 5 21 1 1 1 1 1 0 2 1
6 2 1 3 5 5 21 1 1 1 1 1 0 2 1
i 1 1 1 1 3 5 1 1 1 1 2 2 2 2
6 3 2 3 5 5 21 3 2 2 2 4 10 4 5
6 3 2 3 5 5 21 3 2 2 2 4 10 4 5
6 3 2 3 5 5 21 3 2 2 2 4 10 4 5
6 3 2 3 5 5 21 3 2 2 2 4 10 4 5
7 3 2 3 2 4 5 1 1 3 2 1 1 3 5
7 3 2 3 2 4 5 1 1 3 2 1 1 3 5
7 3 2 3 2 4 5 1 1 3 2 1 1 3 5
7 3 2 3 2 4 5 1 1 3 2 1 1 3 5
i 2 2 2 2 3 5 1 1 2 2 2 2 2 2
7 3 2 3 2 4 5 1 1 3 2 2 1 3 5
7 3 2 3 2 4 5 1 1 3 2 2 1 3 5
7 3 2 3 2 4 5 1 1 3 2 2 1 3 5
7 3 2 3 2 4 5 1 1 3 2 2 1 3 5
8 4 5 3 5 5 21 2 1 1 1 4 5 2 1
8 4 5 3 5 5 21 2 1 1 1 4 5 2 1
8 4 5 3 5 5 21 2 1 1 1 4 5 2 1
8 4 5 3 5 5 21 2 1 1 1 4 5 2 1
i 1 1 1 1 3 5 1 1 1 1 2 2 2 2
8 4 10 3 5 5 21 2 2 1 1 4 10 4 5
8 4 10 3 5 5 21 2 2 1 1 4 10 4 5
8 4 10 3 5 5 21 2 2 1 1 4 10 4 5
8 4 10 3 5 5 21 2 2 1 1 4 10 4 5
9 3 5 2 2 5 21 2 2 3 2 3 2 6 21
9 3 5 2 2 5 21 2 2 3 2 3 2 6 21
9 3 5 2 2 5 21 2 2 3 2 3 2 6 21
9 3 5 2 2 5 21 2 2 3 2 3 2 6 21
i 1 1 1 1 3 5 1 1 1 1 2 2 2 2
9 3 5 3 2 5 21 2 1 3 2 3 2 3 5
9 3 5 3 2 5 21 2 1 3 2 3 2 3 5
9 3 5 3 2 5 21 2 1 3 2 3 2 3 5
9 3 5 3 2 5 21 2 1 3 2 3 2 3 5
a 2 2 3 5 5 21 1 1 1 1 4 5 2 1
a 2 2 3 5 5 21 2 2 1 1 4 5 2 1
a 2 2 3 5 5 21 1 1 1 1 4 5 2 1
a 2 2 3 5 5 21 2 2 1 1 4 5 2 1
i 1 1 1 1 3 5 1 1 1 1 2 2 2 2
a 2 2 3 5 5 21 2 2 2 2 4 5 2 1
a 2 2 3 5 5 21 2 2 1 1 2 1 2 1
a 2 2 3 5 5 21 2 2 2 2 4 5 2 1
a 2 2 3 5 5 21 2 2 1 1 2 1 2 1
b 4 5 3 5 4 10 2 1 1 1 2 1 5 10
b 4 5 3 5 4 10 2 1 2 1 2 1 3 2
b 2 1 3 5 4 10 2 1 1 1 2 1 5 10
b 4 5 3 5 4 10 2 1 1 1 2 1 5 10
i 2 2 2 2 3 5 1 1 2 2 2 2 2 2
b 2 1 3 5 4 10 2 1 1 1 2 1 5 10
b 4 5 3 5 4 10 2 1 1 1 2 1 5 10
b 4 5 3 5 4 10 2 1 2 1 2 1 3 2
c 2 1 2 1 3 5 2 2 1 1 1 0 4 5
c 2 1 2 1 3 5 1 1 1 1 2 2 2 1
c 3 2 3 2 3 5 2 2 2 2 2 2 2 1
c 3 2 2 1 3 5 2 2 2 2 2 2 4 5
i 2 2 2 2 3 5 1 1 2 2 2 2 2 2
c 2 1 2 1 3 5 2 2 1 1 1 0 4 5
c 2 1 2 1 3 5 1 1 1 1 2 2 2 1
c 3 2 3 2 3 5 2 2 2 2 2 2 2 1
d 2 2 3 5 4 10 2 2 1 1 4 10 5 10
d 2 2 3 5 4 10 2 2 1 1 3 2 5 10
d 2 2 3 5 4 10 2 2 1 1 3 2 2 1
d 2 2 3 5 4 10 2 2 1 1 4 10 5 10
i 1 1 1 1 3 5 1 1 1 1 2 2 2 2
d 2 2 3 5 4 10 2 2 1 1 3 2 2 1
d 2 2 3 5 4 10 2 2 1 1 4 10 5 10
d 2 2 3 5 4 10 2 2 1 1 3 2 5 10
d 2 2 3 5 4 10 2 2 1 1 3 2 2 1
e 3 5 2 1 5 21 2 2 3 2 2 2 6 21
e 3 5 2 1 5 21 3 2 3 2 2 2 4 5
e 3 5 2 1 5 21 3 2 2 1 1 0 4 5
e 3 5 2 1 5 21 1 1 1 1 2 1 4 5
i 2 1 2 1 2 1 1 1 2 1 2 2 2 2
e 3 5 2 1 5 21 2 2 3 2 2 2 6 21
e 3 5 2 1 5 21 3 2 3 2 2 2 4 5
e 3 5 2 1 5 21 3 2 2 1 1 0 4 5
e 3 5 2 1 5 21 1 1 1 1 2 1 4 5
f 1 1 3 2 1 1 2 2 3 2 4 10 2 1
f 2 1 3 2 1 1 2 2 3 2 4 10 2 1
f 1 1 3 2 4 5 2 2 3 2 4 10 3 5
f 1 1 3 2 1 1 2 2 3 2 4 10 2 1
i 1 1 1 1 3 5 1 1 1 1 2 2 2 2
f 1 1 3 2 4 5 2 2 3 2 4 10 3 5
f 1 1 3 2 1 1 2 2 3 2 4 10 2 1
f 2 1 3 2 1 1 2 2 3 2 4 10 2 1
f 1 1 3 2 4 5 2 2 3 2 4 10 3 5
A 5 10 3 2 4 5 3 2 3 5 3 2 3 2
A 5 10 3 2 4 5 3 2 3 5 3 2 3 2
A 5 10 3 2 4 5 3 2 3 5 3 2 3 2
i 1 1 1 1 3 5 1 1 1 1 2 2 2 2
A 5 10 3 2 4 5 3 2 3 5 3 2 3 2
i 1 1 1 1 3 5 1 1 1 1 2 2 2 2
A 5 10 3 2 4 5 3 2 3 5 3 2 3 2
A 5 10 3 2 4 5 3 2 3 5 3 2 3 2
i 2 2 2 2 3 5 1 1 2 2 2 2 2 2
A 5 10 3 2 4 5 3 2 3 5 3 2 3 2
i 1 1 1 1 3 5 1 1 1 1 2 2 2 2
A 5 10 3 2 4 5 3 2 3 5 3 2 3 2
B 4 5 3 5 5 21 2 1 1 1 2 1 2 1
B 3 5 3 5 5 21 1 1 1 1 2 1 4 5
B 4 5 3 5 5 21 2 1 1 1 2 1 2 1
B 3 5 3 5 5 21 1 1 1 1 2 1 4 5
i 1 1 1 1 3 5 1 1 1 1 2 2 2 2
B 3 5 3 5 5 21 1 1 1 1 2 1 2 1
B 4 5 3 5 5 21 2 1 1 1 2 1 2 1
B 3 5 3 5 5 21 1 1 1 1 2 1 2 1
B 4 5 3 5 5 21 2 1 1 1 2 1 2 1
C 2 1 2 1 3 5 2 2 2 2 4 10 2 1
C 3 2 2 1 3 5 2 2 2 2 4 10 2 1
C 3 2 3 2 3 5 2 2 2 2 4 10 2 1
C 2 1 2 1 3 5 1 1 1 1 2 2 2 1
i 1 1 1 1 3 5 1 1 1 1 2 2 2 2
C 3 2 3 2 3 5 2 2 2 2 4 10 2 1
C 2 1 2 1 3 5 1 1 1 1 2 2 2 1
C 2 1 2 1 3 5 2 2 1 1 2 2 2 1
C 2 1 2 1 3 5 2 2 2 2 2 2 2 1
D 3 5 3 5 3 5 1 1 2 1 2 1 4 5
D 4 5 4 5 3 5 2 1 2 1 2 1 2 2
D 3 5 3 5 3 5 2 1 2 1 2 1 2 2
D 3 5 3 5 3 5 1 1 2 1 2 1 4 5
i 1 1 1 1 3 5 1 1 1 1 2 2 2 2
D 3 5 3 5 3 5 1 1 2 1 2 1 4 5
D 4 5 4 5 3 5 2 1 2 1 2 1 2 2
D 3 5 3 5 3 5 2 1 2 1 2 1 2 2
D 3 5 3 5 3 5 1 1 2 1 2 1 4 5
E 2 1 2 1 5 21 1 1 1 1 2 1 4 5
E 2 1 2 1 5 21 1 1 1 1 2 1 4 5
E 2 1 2 1 5 21 1 1 1 1 2 1 4 5
E 2 1 2 1 5 21 1 1 1 1 2 1 4 5
i 1 1 1 1 3 5 1 1 1 1 2 2 2 2
E 2 1 2 1 5 21 1 1 1 1 2 1 4 5
E 2 1 2 1 5 21 1 1 1 1 2 1 4 5
E 2 1 2 1 5 21 1 1 1 1 2 1 4 5
E 2 1 2 1 5 21 1 1 1 1 2 1 4 5
Ë 2 1 2 1 6 42 1 1 1 1 2 1 6 21
Ê 2 1 2 1 7 85 1 1 1 1 3 2 7 42
È 2 1 2 1 8 170 1 1 1 1 3 2 7 42
É 2 1 2 1 7 85 1 1 1 1 3 2 7 42
Ä 3 2 5 10 5 10 3 2 1 1 3 2 2 1
Â 3 2 5 10 6 21 3 2 1 1 3 2 3 2
À 3 2 5 10 7 42 3 2 1 1 3 2 3 2
Á 3 2 5 10 6 21 3 2 1 1 3 2 3 2
Î 3 2 3 2 2 1 1 1 3 2 2 2 1 1
Ö 5 10 3 5 4 10 3 2 1 1 3 2 2 1
Ô 5 10 3 5 5 21 3 2 1 1 3 2 3 2
Ü 3 5 3 5 2 2 7 85 1 1 4 10 2 1
Û 3 5 3 5 3 5 5 21 1 1 4 10 4 5
é 3 2 2 1 7 85 3 2 2 1 3 2 5 10
à 3 2 3 5 8 170 3 2 1 1 5 10 3 2
è 3 2 2 1 7 85 3 2 2 1 3 2 5 10
ù 3 5 3 5 4 10 3 2 1 1 3 2 3 2
û 3 5 3 5 3 5 3 2 1 1 3 2 3 2
ü 3 5 3 5 2 2 3 5 1 1 2 1 2 1
ë 3 2 2 1 6 42 3 2 2 1 2 1 4 5
ê 3 2 2 1 7 85 3 2 2 1 3 2 5 10
ä 3 2 3 5 6 42 2 2 1 1 5 10 2 1
â 3 2 3 5 7 85 2 2 1 1 5 10 4 5
î 3 2 3 2 2 1 1 1 3 2 2 2 1 1
ö 3 2 3 5 4 10 3 2 1 1 4 10 4 5
ô 3 2 3 5 5 21 3 2 1 1 4 10 6 21
ÿ 5 10 5 10 3 2 3 5 2 1 5 10 3 5
A 5 10 3 2 4 5 3 2 3 5 3 2 3 2
d 2 2 3 5 4 10 2 2 1 1 4 10 5 10
m 5 21 5 21 1 1 1 1 5 21 2 1 3 5
i 1 1 1 1 3 5 1 1 1 1 2 2 2 2
n 3 5 3 5 2 1 1 1 3 5 2 1 2 1
P 3 5 2 1 4 5 1 1 2 1 2 1 5 21
o 4 5 4 5 3 5 3 2 3 2 2 2 4 5
w 7 42 5 10 2 1 5 21 5 10 2 1 1 0
e 4 10 3 2 5 21 2 2 2 2 2 2 6 21
r 2 1 2 1 2 1 1 1 2 1 2 1 1 1
ry 6 21 4 5 3 5 3 5 3 2 3 5 3 2
rv 5 21 4 5 2 1 3 5 4 5 2 1 3 2
- 0 0 1 1 1 1 1 0 1 0 1 1 1 1
B 3 5 3 5 5 21 1 1 1 1 2 1 2 1
l 1 1 1 1 1 1 1 1 1 1 2 2 2 2
o 3 5 3 5 3 5 3 2 3 2 2 2 2 1
c 2 1 2 1 3 5 2 2 2 2 2 2 4 5
- 0 0 1 1 1 1 1 0 1 0 1 1 1 1
n 3 5 3 5 2 1 2 1 3 5 2 1 2 1
o 4 5 4 5 3 5 3 2 3 2 2 2 4 5
t 1 1 3 2 1 1 1 1 2 2 4 10 2 1
e 3 5 2 1 5 21 1 1 1 1 2 1 4 5
s 2 1 2 2 5 21 2 1 1 1 3 2 4 5
A 5 10 3 2 4 5 3 2 3 5 3 2 3 2
n 3 5 3 5 2 1 1 1 3 5 2 1 2 1
a 2 2 3 5 5 21 2 1 1 1 4 5 2 1
l 1 1 1 1 1 1 1 1 1 1 2 2 2 2
y 5 10 3 2 3 2 3 5 3 2 4 5 4 10
s 2 1 2 2 5 21 1 1 1 1 3 2 4 5
e 3 5 2 1 5 21 2 2 3 2 2 2 6 21
u 3 5 3 5 2 2 3 5 2 2 2 1 2 1
r 2 1 2 1 2 1 1 1 2 1 2 1 1 1
d 2 2 3 5 4 10 2 2 1 1 3 2 2 1
e 3 5 2 1 5 21 2 2 3 2 2 2 6 21
p 3 5 2 1 4 5 2 1 2 1 2 1 3 5
e 3 5 2 1 5 21 1 1 1 1 2 1 4 5
rf 1 1 4 5 3 2 2 2 4 5 3 2 2 1
o 4 10 4 10 3 5 3 2 3 2 2 2 2 1
r 2 1 2 1 2 1 1 1 2 1 2 1 1 1
m 5 21 5 21 2 2 1 1 5 21 2 1 1 1
a 2 2 3 5 5 21 2 2 1 1 4 5 2 1
n 3 5 3 5 2 1 1 1 3 5 2 1 2 1
c 2 1 2 1 3 5 2 2 2 2 2 2 4 5
e 3 5 2 1 5 21 1 1 1 1 2 1 4 5
s 2 1 2 2 5 21 2 1 1 1 3 2 4 5
A 5 10 3 2 4 5 3 2 3 5 3 2 3 2
s 2 1 2 2 5 21 2 2 1 1 5 10 4 5
s 2 1 2 2 5 21 2 1 1 1 3 2 4 5
i 1 1 1 1 3 5 1 1 1 1 2 2 2 2
s 2 1 2 2 5 21 2 1 1 1 3 2 4 5
t 1 1 3 2 4 10 1 1 2 2 4 10 5 10
a 2 2 3 5 5 21 2 2 1 1 2 1 2 1
n 3 5 3 5 2 1 1 1 3 5 2 1 2 1
t 1 1 3 2 1 1 1 1 2 2 4 10 2 1
K 4 5 4 5 5 10 4 5 3 5 2 1 5 21
i 1 1 1 1 3 5 1 1 1 1 2 2 2 2
t 1 1 3 2 4 10 1 1 2 2 4 10 5 10
d 2 2 3 5 4 10 2 2 1 1 3 2 5 10
' 2 2 2 1 2 1 2 2 2 1 2 2 2 2
a 2 2 3 5 5 21 2 2 1 1 4 5 2 1
d 2 2 3 5 4 10 2 2 1 1 3 2 2 1
m 5 21 5 21 2 2 1 1 5 21 2 1 1 1
i 2 2 2 2 3 5 1 1 2 2 2 2 2 2
n 3 5 3 5 2 1 2 1 3 5 2 1 2 1
i 2 2 2 2 3 5 1 1 2 2 2 2 2 2
s 2 1 2 2 5 21 1 1 1 1 3 2 4 5
t 1 1 3 2 4 10 1 1 2 2 4 10 5 10
r 2 1 2 1 2 1 1 1 2 1 2 1 1 1
a 2 2 3 5 5 21 2 2 1 1 4 5 2 1
t 1 1 3 2 1 1 1 1 2 2 4 10 2 1
i 1 1 1 1 3 5 1 1 1 1 2 2 2 2
o 4 10 4 10 3 5 3 2 3 2 2 2 2 1
n 3 5 3 5 2 1 1 1 3 5 2 1 2 1
d 2 2 3 5 4 10 2 2 2 2 4 10 5 10
u 3 5 3 5 2 2 3 5 2 2 2 1 2 1
G 3 2 4 10 3 5 2 2 2 2 2 2 4 5
e 3 5 2 1 5 21 1 1 1 1 2 1 4 5
s 2 1 2 2 5 21 2 1 2 1 3 2 4 5
t 1 1 3 2 1 1 1 1 2 2 4 10 2 1
i 1 1 1 1 3 5 1 1 1 1 2 2 2 2
o 4 10 4 10 3 5 3 2 3 2 2 2 2 1
n 3 5 3 5 2 1 1 1 3 5 2 1 2 1
n 3 5 3 5 2 1 1 1 3 5 2 1 2 1
a 2 2 3 5 5 21 1 1 1 1 4 5 2 1
i 1 1 1 1 3 5 1 1 1 1 2 2 2 2
r 2 1 2 1 2 1 1 1 2 1 2 1 1 1
e 3 5 2 1 5 21 3 2 3 2 2 2 4 5
d 2 2 3 5 4 10 2 2 1 1 3 2 5 10
e 3 5 2 1 5 21 1 1 1 1 2 1 4 5
s 2 1 2 2 5 21 2 1 2 1 3 2 4 5
c 2 1 2 1 3 5 2 2 1 1 1 0 4 5
o 3 5 3 5 3 5 2 1 2 1 2 1 4 5
n 3 5 3 5 2 1 1 1 3 5 2 1 2 1
n 3 5 3 5 2 1 1 1 3 5 2 1 2 1
e 3 5 2 1 5 21 3 2 2 1 1 0 4 5
x 5 10 5 10 3 2 4 10 3 5 4 5 2 1
i 2 1 2 1 2 1 1 1 2 1 2 2 2 2
o 3 5 3 5 3 5 3 2 3 2 2 2 2 1
n 3 5 3 5 2 1 2 1 3 5 2 1 2 1
s 2 1 2 2 5 21 2 2 1 1 5 10 4 5
& 7 42 4 5 5 21 3 2 1 1 2 1 3 2
& 7 42 4 5 5 21 3 2 1 1 2 1 3 2
& 7 42 4 5 7 42 3 2 1 1 2 1 3 2
& 7 42 4 5 5 21 3 2 1 1 3 2 4 10
i 2 2 2 2 3 5 1 1 2 2 2 2 2 2
& 7 42 4 5 5 21 3 2 1 1 2 1 3 2
& 7 42 4 5 5 21 3 2 1 1 2 1 3 2
& 7 42 4 5 7 42 3 2 1 1 2 1 3 2
& 7 42 4 5 5 21 3 2 1 1 3 2 4 10
' 1 1 1 1 1 1 1 1 1 1 2 2 2 2
' 1 1 1 1 1 1 1 1 1 1 2 2 2 2
' 1 1 1 1 1 1 1 1 1 1 2 2 2 2
i 2 2 2 2 3 5 1 1 2 2 2 2 2 2
' 1 1 1 1 1 1 1 1 1 1 2 2 2 2
' 1 1 1 1 1 1 1 1 1 1 2 2 2 2
' 1 1 1 1 1 1 1 1 1 1 2 2 2 2
' 1 1 1 1 1 1 1 1 1 1 2 2 2 2
( 3 2 3 2 3 5 2 2 2 2 4 10 4 5
( 2 1 2 1 5 10 1 1 1 1 4 10 2 1
( 3 2 3 2 3 5 2 2 2 2 4 10 4 5
( 2 1 2 1 5 10 1 1 1 1 4 10 2 1
i 2 2 2 2 3 5 1 1 2 2 2 2 2 2
( 3 2 2 1 5 10 2 2 1 1 4 10 4 5
( 2 1 2 1 4 10 1 1 1 1 4 10 2 1
( 3 2 2 1 5 10 2 2 1 1 4 10 4 5
( 2 1 2 1 4 10 1 1 1 1 4 10 2 1
- 0 0 1 1 1 1 1 0 1 0 1 1 1 1
- 0 0 1 1 1 1 1 0 1 0 1 1 1 1
- 0 0 1 1 1 1 1 0 1 0 1 1 1 1
- 0 0 1 1 1 1 1 0 1 0 1 1 1 1
i 1 1 1 1 3 5 1 1 1 1 2 2 2 2
- 0 0 1 1 1 1 1 0 1 0 1 1 1 1
- 0 0 1 1 1 1 1 0 1 0 1 1 1 1
- 0 0 1 1 1 1 1 0 1 0 1 1 1 1
- 0 0 1 1 1 1 1 0 1 0 1 1 1 1
_ 0 0 1 1 1 1 1 0 1 0 1 1 1 1
_ 0 0 1 1 1 1 1 0 1 0 1 1 1 1
_ 0 0 1 1 1 1 1 0 1 0 1 1 1 1
i 1 1 1 1 3 5 1 1 1 1 2 2 2 2
_ 0 0 1 1 1 1 1 0 1 0 1 1 1 1
i 1 1 1 1 3 5 1 1 1 1 2 2 2 2
_ 0 0 1 1 1 1 1 0 1 0 1 1 1 1
_ 0 0 1 1 1 1 1 0 1 0 1 1 1 1
i 1 1 1 1 3 5 1 1 1 1 2 2 2 2
_ 0 0 1 1 1 1 1 0 1 0 1 1 1 1
i 2 1 2 1 2 1 1 1 2 1 2 2 2 2
_ 0 0 1 1 1 1 1 0 1 0 1 1 1 1
ç 2 1 2 2 5 21 1 1 2 2 2 2 4 5
ç 2 1 2 2 5 21 1 1 3 2 2 2 6 21
ç 2 1 2 2 5 21 1 1 3 2 2 2 6 21
ç 2 1 2 2 5 21 1 1 3 2 2 2 6 21
i 1 1 1 1 3 5 1 1 1 1 2 2 2 2
ç 2 1 2 2 5 21 1 1 2 2 2 2 4 5
ç 2 1 2 2 5 21 1 1 3 2 2 2 6 21
ç 2 1 2 2 5 21 1 1 3 2 2 2 6 21
ç 2 1 2 2 5 21 1 1 3 2 2 2 6 21
à 3 2 3 5 8 170 3 2 1 1 4 5 3 2
à 3 2 4 10 8 170 3 2 1 1 5 10 3 2
à 3 2 3 5 8 170 3 2 1 1 4 5 3 2
à 3 2 4 10 8 170 3 2 1 1 5 10 3 2
i 1 1 1 1 3 5 1 1 1 1 2 2 2 2
à 2 2 4 10 7 85 3 2 1 1 5 10 3 2
à 3 2 3 5 8 170 3 2 1 1 4 5 3 2
à 2 2 4 10 7 85 3 2 1 1 5 10 3 2
à 3 2 3 5 8 170 3 2 1 1 4 5 3 2
° 2 1 3 5 3 5 2 1 2 1 2 1 2 1
° 2 2 3 5 3 5 2 2 2 2 2 2 2 1
° 3 2 3 5 3 5 3 2 3 2 2 2 2 1
° 2 1 3 5 3 5 2 1 2 1 2 1 2 1
i 2 2 2 2 3 5 1 1 2 2 2 2 2 2
° 3 2 3 5 3 5 3 2 3 2 2 2 2 1
° 2 1 3 5 3 5 2 1 2 1 2 1 2 1
° 2 2 3 5 3 5 2 2 2 2 2 2 2 1
° 3 2 3 5 3 5 3 2 3 2 2 2 2 1
+ 3 2 3 2 1 1 3 2 3 2 4 10 2 1
+ 3 2 3 2 1 1 3 2 3 2 4 10 4 10
+ 3 2 3 2 1 1 3 2 3 2 4 10 4 10
+ 3 2 3 2 1 1 3 2 3 2 4 10 4 10
i 2 2 2 2 3 5 1 1 2 2 2 2 2 2
+ 3 2 3 2 1 1 3 2 3 2 4 10 4 10
+ 3 2 3 2 1 1 3 2 3 2 4 10 4 10
+ 3 2 3 2 1 1 3 2 3 2 4 10 4 10
+ 3 2 3 2 1 1 3 2 3 2 4 10 4 10
0 3 5 3 5 3 5 1 1 1 1 1 0 3 5
1 2 2 2 2 3 2 1 1 2 2 4 10 2 1
2 2 2 3 2 5 21 1 1 1 1 4 5 4 5
3 2 2 2 2 5 21 1 1 1 1 6 21 5 21
4 5 10 1 1 5 10 3 2 3 2 4 10 2 1
5 2 1 2 2 5 21 2 1 1 1 4 5 3 5
6 2 1 3 5 5 21 3 2 1 1 2 2 2 1
7 3 2 3 2 4 5 1 1 3 2 2 1 3 5
8 3 5 3 5 5 21 1 1 1 1 2 1 2 1
9 3 5 2 2 5 21 1 1 3 2 4 5 3 5
C 2 1 2 1 3 5 2 2 1 1 2 2 2 1
o 3 5 3 5 3 5 2 2 2 2 2 2 4 5
n 3 5 3 5 2 1 1 1 3 5 2 1 2 1
s 2 1 2 2 5 21 1 1 1 1 3 2 4 5
o 3 5 3 5 3 5 3 2 3 2 2 2 2 1
l 1 1 1 1 1 1 1 1 1 1 2 2 2 2
e 3 5 2 1 5 21 1 1 1 1 2 1 4 5
d 2 2 3 5 4 10 2 2 2 2 4 10 5 10
e 3 5 2 1 5 21 3 2 3 2 2 2 4 5
g 3 5 4 10 5 21 1 1 1 1 3 2 4 5
e 3 5 2 1 5 21 1 1 1 1 2 1 4 5
s 2 1 2 2 5 21 2 1 2 1 3 2 4 5
t 1 1 3 2 1 1 1 1 2 2 4 10 2 1
i 1 1 1 1 3 5 1 1 1 1 2 2 2 2
o 4 10 4 10 3 5 3 2 3 2 2 2 2 1
n 3 5 3 5 2 1 1 1 3 5 2 1 2 1
d 2 2 3 5 4 10 2 2 2 2 4 10 5 10
e 3 5 2 1 5 21 3 2 3 2 2 2 4 5
l 1 1 1 1 1 1 1 1 1 1 2 2 2 2
' 1 1 2 1 2 1 1 1 2 1 2 2 2 2
a 2 2 3 5 5 21 2 2 1 1 2 1 2 1
c 3 2 3 2 3 5 2 2 2 2 2 2 2 1
c 3 2 2 1 3 5 2 2 2 2 2 2 4 5
è 3 2 2 1 7 85 3 2 2 1 4 10 5 10
s 2 1 2 2 5 21 1 1 1 1 3 2 4 5
d 2 2 3 5 4 10 2 2 1 1 4 10 5 10
i 1 1 1 1 3 5 1 1 1 1 2 2 2 2
s 2 1 2 2 5 21 2 1 1 1 3 2 4 5
t 1 1 3 2 4 10 1 1 2 2 4 10 5 10
a 2 2 3 5 5 21 2 2 1 1 2 1 2 1
n 3 5 3 5 2 1 1 1 3 5 2 1 2 1
t 1 1 3 2 1 1 1 1 2 2 4 10 2 1
D 3 5 3 5 3 5 2 1 2 1 2 1 2 2
o 4 5 4 5 3 5 3 2 3 2 2 2 4 5
m 5 21 5 21 2 2 1 1 5 21 2 1 3 5
a 2 2 3 5 5 21 2 1 1 1 4 5 2 1
i 2 2 2 2 3 5 1 1 2 2 2 2 2 2
n 3 5 3 5 2 1 2 1 3 5 2 1 2 1
e 3 5 2 1 5 21 3 2 3 2 2 2 4 5
s 2 1 2 2 5 21 1 1 1 1 3 2 4 5
e 3 5 2 1 5 21 2 2 3 2 2 2 6 21
t 1 1 3 2 4 10 1 1 2 2 4 10 5 10
a 2 2 3 5 5 21 2 2 1 1 4 5 2 1
p 3 5 2 1 4 5 1 1 2 1 2 1 5 21
p 3 5 2 1 4 5 1 1 2 1 2 1 3 5
r 2 1 2 1 2 1 1 1 2 1 2 1 1 1
o 4 5 4 5 3 5 3 2 3 2 2 2 4 5
b 2 1 3 5 4 10 2 1 1 1 2 1 5 10
a 2 2 3 5 5 21 2 2 2 2 4 5 2 1
t 1 1 3 2 4 10 1 1 2 2 4 10 5 10
i 1 1 1 1 3 5 1 1 1 1 2 2 2 2
o 3 5 3 5 3 5 2 1 2 1 2 1 4 5
n 3 5 3 5 2 1 1 1 3 5 2 1 2 1
s 2 1 2 2 5 21 2 1 1 1 3 2 4 5
A 5 10 3 2 4 5 3 2 3 5 3 2 3 2
c 3 2 3 2 3 5 2 2 2 2 2 2 2 1
t 1 1 3 2 1 1 1 1 2 2 4 10 2 1
i 1 1 1 1 3 5 1 1 1 1 2 2 2 2
v 3 5 3 2 2 2 3 5 3 2 3 5 3 5
e 3 5 2 1 5 21 3 2 3 2 2 2 4 5
D 3 5 3 5 3 5 1 1 2 1 2 1 4 5
i 1 1 1 1 3 5 1 1 1 1 2 2 2 2
r 2 1 2 1 2 1 1 1 2 1 2 1 1 1
e 3 5 2 1 5 21 3 2 3 2 2 2 4 5
ct 2 2 4 5 4 10 2 2 3 5 3 2 2 1
o 3 5 3 5 3 5 1 1 1 1 1 0 4 5
ry 6 21 4 5 3 5 3 5 3 2 3 5 3 2
F 2 1 2 1 4 5 1 1 2 1 2 1 3 5
F 2 1 2 1 4 5 1 1 2 1 2 1 3 5
F 2 1 2 1 4 5 1 1 2 1 2 1 3 5
F 2 1 2 1 4 5 1 1 2 1 2 1 3 5
i 2 2 2 2 3 5 1 1 2 2 2 2 2 2
F 2 1 2 1 4 5 1 1 2 1 2 1 3 5
F 2 1 2 1 4 5 1 1 2 1 2 1 3 5
F 2 1 2 1 4 5 1 1 2 1 2 1 3 5
F 2 1 2 1 4 5 1 1 2 1 2 1 3 5
G 2 1 3 5 3 5 3 2 2 2 2 2 4 5
G 3 2 3 5 3 5 2 2 2 2 2 2 4 5
G 3 2 4 10 3 5 2 2 2 2 2 2 4 5
G 2 1 3 5 3 5 1 1 1 1 2 2 4 5
i 1 1 1 1 3 5 1 1 1 1 2 2 2 2
G 3 2 4 10 3 5 2 2 2 2 2 2 4 5
G 2 1 3 5 3 5 1 1 1 1 2 2 4 5
G 2 1 3 5 3 5 2 2 1 1 2 2 4 5
G 2 1 3 5 3 5 2 2 2 2 4 10 4 5
H 3 5 3 5 3 2 3 5 3 5 2 1 4 10
H 3 5 3 5 3 2 3 5 3 5 2 1 4 10
H 3 5 3 5 3 2 3 5 3 5 2 1 4 10
H 3 5 3 5 3 2 3 5 3 5 2 1 4 10
i 2 2 2 2 3 5 1 1 2 2 2 2 2 2
H 3 5 3 5 3 2 3 5 3 5 2 1 4 10
H 3 5 3 5 3 2 3 5 3 5 2 1 4 10
H 3 5 3 5 3 2 3 5 3 5 2 1 4 10
H 3 5 3 5 3 2 3 5 3 5 2 1 4 10
l 1 1 1 1 1 1 1 1 1 1 2 2 2 2
i 1 1 1 1 3 5 1 1 1 1 2 2 2 2
l 1 1 1 1 1 1 1 1 1 1 2 2 2 2
i 1 1 1 1 3 5 1 1 1 1 2 2 2 2
l 1 1 1 1 1 1 1 1 1 1 2 2 2 2
i 2 2 2 2 3 5 1 1 2 2 2 2 2 2
l 1 1 1 1 1 1 1 1 1 1 2 2 2 2
J 2 2 2 2 2 2 2 2 1 1 3 2 3 2
J 2 2 2 2 2 1 2 2 2 1 3 2 3 5
J 2 2 2 2 2 2 2 2 1 1 3 2 3 2
J 2 2 2 2 2 2 2 2 1 1 3 2 3 2
i 2 2 2 2 3 5 1 1 2 2 2 2 2 2
J 2 2 2 2 2 2 2 2 1 1 3 2 3 2
J 2 2 2 2 2 1 2 2 2 1 3 2 3 5
J 2 2 2 2 2 2 2 2 1 1 3 2 3 2
J 2 2 2 2 2 2 2 2 1 1 3 2 3 2
f 1 1 3 2 1 1 2 2 3 2 4 10 2 1
i 1 1 1 1 3 5 1 1 1 1 2 2 2 2
f 1 1 3 2 4 5 2 2 3 2 4 10 5 21
i 1 1 1 1 3 5 1 1 1 1 2 2 2 2
fi 3 5 4 10 4 5 2 2 4 10 1 0 1 1
G 2 1 3 5 3 5 2 2 1 1 2 2 4 5
e 3 5 2 1 5 21 3 2 2 1 1 0 4 5
s 2 1 2 2 5 21 1 1 1 1 3 2 4 5
t 1 1 3 2 4 10 1 1 2 2 4 10 5 10
i 2 2 2 2 3 5 1 1 2 2 2 2 2 2
o 3 5 3 5 3 5 1 1 1 1 1 0 4 5
n 3 5 3 5 2 1 1 1 3 5 2 1 2 1
d 2 2 3 5 4 10 2 2 1 1 3 2 2 1
e 4 10 3 2 5 21 2 2 2 2 2 2 6 21
l 1 1 1 1 1 1 1 1 1 1 2 2 2 2
' 1 1 1 1 1 1 1 1 1 1 2 2 2 2
o 3 5 3 5 3 5 3 2 3 2 2 2 2 1
r 2 1 2 1 2 1 1 1 2 1 2 1 1 1
d 2 2 3 5 4 10 2 2 1 1 3 2 5 10
i 1 1 1 1 3 5 1 1 1 1 2 2 2 2
n 3 5 3 5 2 1 1 1 3 5 2 1 2 1
a 2 2 3 5 5 21 1 1 1 1 4 5 2 1
t 1 1 3 2 1 1 1 1 2 2 4 10 2 1
e 3 5 2 1 5 21 2 2 3 2 2 2 6 21
u 3 5 3 5 2 2 3 5 2 2 2 1 2 1
r 2 1 2 1 2 1 1 1 2 1 2 1 1 1
G 2 1 3 5 3 5 2 2 1 1 2 2 4 5
e 3 5 2 1 5 21 3 2 2 1 1 0 4 5
s 2 1 2 2 5 21 1 1 1 1 3 2 4 5
t 1 1 3 2 4 10 1 1 2 2 4 10 5 10
i 2 2 2 2 3 5 1 1 2 2 2 2 2 2
o 3 5 3 5 3 5 1 1 1 1 1 0 4 5
n 3 5 3 5 2 1 1 1 3 5 2 1 2 1
n 3 5 3 5 2 1 2 1 3 5 2 1 2 1
a 2 2 3 5 5 21 2 2 1 1 4 5 2 1
i 2 1 2 1 2 1 1 1 2 1 2 2 2 2
r 2 1 2 1 2 1 1 1 2 1 2 1 1 1
e 4 10 3 2 5 21 2 2 2 2 2 2 6 21
D 3 5 3 5 3 5 1 1 1 1 2 1 4 5
N 5 21 3 5 3 2 3 5 3 5 2 1 2 1
S 2 1 2 2 5 21 1 1 1 1 4 5 4 5
g 3 5 2 2 5 21 1 1 1 1 4 5 2 1
g 3 5 4 10 5 21 2 2 2 2 3 2 6 21
g 3 5 4 10 5 21 1 1 2 2 3 2 6 21
g 3 5 2 2 5 21 1 1 1 1 4 5 2 1
i 1 1 1 1 3 5 1 1 1 1 2 2 2 2
g 3 5 4 10 5 21 1 1 2 2 3 2 6 21
g 3 5 2 2 5 21 1 1 1 1 4 5 2 1
g 3 5 4 10 5 21 2 2 2 2 3 2 6 21
g 3 5 4 10 5 21 1 1 2 2 3 2 6 21
h 2 1 3 5 3 2 2 1 3 5 2 1 3 2
h 4 5 3 5 3 2 2 1 3 5 2 1 3 2
h 4 5 3 5 3 2 2 1 3 5 2 1 3 2
h 2 1 3 5 3 2 2 1 3 5 2 1 3 2
i 2 2 2 2 3 5 1 1 2 2 2 2 2 2
h 2 1 3 5 3 2 2 1 3 5 2 1 3 2
h 4 5 3 5 3 2 2 1 3 5 2 1 3 2
h 4 5 3 5 3 2 2 1 3 5 2 1 3 2
h 2 1 3 5 3 2 2 1 3 5 2 1 3 2
i 2 2 2 2 3 5 1 1 2 2 2 2 2 2
i 1 1 1 1 3 5 1 1 1 1 2 2 2 2
i 1 1 1 1 3 5 1 1 1 1 2 2 2 2
i 2 2 2 2 3 5 1 1 2 2 2 2 2 2
i 1 1 1 1 3 5 1 1 1 1 2 2 2 2
i 1 1 1 1 3 5 1 1 1 1 2 2 2 2
i 2 2 2 2 3 5 1 1 2 2 2 2 2 2
i 1 1 1 1 3 5 1 1 1 1 2 2 2 2
i 1 1 1 1 3 5 1 1 1 1 2 2 2 2
i 2 2 2 2 3 5 1 1 2 2 2 2 2 2
j 2 2 2 2 4 5 2 2 1 1 3 2 3 5
j 2 2 2 2 2 2 2 2 1 1 3 2 3 2
j 2 2 2 2 3 5 2 2 1 1 3 2 2 1
j 2 2 2 2 4 5 2 2 1 1 3 2 3 5
i 1 1 1 1 3 5 1 1 1 1 2 2 2 2
j 2 2 2 2 3 5 2 2 1 1 3 2 2 1
j 2 2 2 2 4 5 2 2 1 1 3 2 3 5
j 2 2 2 2 2 2 2 2 1 1 3 2 3 2
j 2 2 2 2 3 5 2 2 1 1 3 2 2 1
k 3 5 2 1 5 10 2 1 3 5 2 1 5 10
k 4 5 2 1 5 10 2 1 3 5 2 1 5 10
k 3 5 2 1 5 10 2 1 3 5 2 1 5 10
k 3 5 2 1 5 10 2 1 3 5 2 1 5 10
i 2 2 2 2 3 5 1 1 2 2 2 2 2 2
k 3 5 2 1 5 10 2 1 3 5 2 1 5 10
k 4 5 2 1 5 10 2 1 3 5 2 1 5 10
k 3 5 2 1 5 10 2 1 3 5 2 1 5 10
k 3 5 2 1 5 10 2 1 3 5 2 1 5 10
K 4 5 4 5 5 10 4 5 3 5 2 1 5 21
K 4 5 4 5 5 10 3 5 3 5 2 1 4 5
K 4 5 4 5 5 10 3 5 3 5 2 1 4 5
K 4 5 4 5 5 10 4 5 3 5 2 1 5 21
i 1 1 1 1 3 5 1 1 1 1 2 2 2 2
K 4 5 4 5 5 10 3 5 3 5 2 1 4 5
K 4 5 4 5 5 10 4 5 3 5 2 1 5 21
K 4 5 4 5 5 10 3 5 3 5 2 1 4 5
L 2 1 2 1 2 2 2 1 1 1 2 1 3 2
L 2 1 2 1 2 2 2 1 1 1 2 1 3 2
L 2 1 2 1 2 2 2 1 1 1 2 1 3 2
L 2 1 2 1 2 2 2 1 1 1 2 1 3 2
i 2 2 2 2 3 5 1 1 2 2 2 2 2 2
L 2 1 2 1 2 2 2 1 1 1 2 1 3 2
L 2 1 2 1 2 2 2 1 1 1 2 1 3 2
L 2 1 2 1 2 2 2 1 1 1 2 1 3 2
L 2 1 2 1 2 2 2 1 1 1 2 1 3 2
M 3 5 7 85 2 2 3 5 5 21 2 1 4 10
M 3 5 7 85 2 2 3 5 5 21 2 1 2 2
M 3 5 7 85 2 2 3 5 5 21 2 1 2 2
M 3 5 7 85 2 2 3 5 5 21 2 1 4 10
i 2 2 2 2 3 5 1 1 2 2 2 2 2 2
M 3 5 7 85 2 2 3 5 5 21 2 1 4 10
M 3 5 7 85 2 2 3 5 5 21 2 1 2 2
M 3 5 7 85 2 2 3 5 5 21 2 1 2 2
N 5 21 5 21 3 2 3 5 3 5 2 1 2 1
N 5 21 5 21 3 2 3 5 3 5 2 1 4 10
N 5 21 5 21 3 2 3 5 3 5 2 1 4 10
N 5 21 5 21 3 2 3 5 3 5 2 1 4 10
i 1 1 1 1 3 5 1 1 1 1 2 2 2 2
N 5 21 5 21 3 2 3 5 3 5 2 1 4 10
N 5 21 5 21 3 2 3 5 3 5 2 1 4 10
N 5 21 5 21 3 2 3 5 3 5 2 1 2 1
N 5 21 3 5 3 2 3 5 3 5 2 1 2 1
O 3 5 4 5 3 5 2 1 2 1 2 1 2 1
O 3 5 3 5 3 5 3 2 3 2 2 2 2 1
O 3 5 3 5 3 5 3 2 3 2 2 2 4 5
O 4 10 3 5 3 5 2 2 2 2 2 2 4 5
i 1 1 1 1 3 5 1 1 1 1 2 2 2 2
O 3 5 3 5 3 5 3 2 3 2 2 2 4 5
O 4 10 3 5 3 5 2 2 2 2 2 2 4 5
O 4 10 4 10 3 5 2 2 2 2 2 2 4 5
rv 6 21 6 21 3 2 3 5 4 5 2 1 3 2
l 1 1 1 1 1 1 1 1 1 1 2 2 2 2
l 1 1 1 1 1 1 1 1 1 1 2 2 2 2
l 1 1 1 1 1 1 1 1 1 1 2 2 2 2
l 1 1 1 1 1 1 1 1 1 1 2 2 2 2
i 1 1 1 1 3 5 1 1 1 1 2 2 2 2
l 1 1 1 1 1 1 1 1 1 1 2 2 2 2
l 1 1 1 1 1 1 1 1 1 1 2 2 2 2
l 1 1 1 1 1 1 1 1 1 1 2 2 2 2
l 1 1 1 1 1 1 1 1 1 1 2 2 2 2
m 5 21 5 21 2 2 1 1 5 21 2 1 3 5
m 5 21 5 21 2 2 1 1 5 21 2 1 3 5
m 5 21 5 21 2 2 2 1 5 21 2 1 3 5
m 5 21 5 21 2 2 1 1 5 21 2 1 1 1
i 2 2 2 2 3 5 1 1 2 2 2 2 2 2
m 5 21 5 21 2 2 1 1 5 21 2 1 3 5
m 5 21 5 21 2 2 1 1 5 21 2 1 3 5
m 5 21 5 21 2 2 2 1 5 21 2 1 3 5
m 5 21 5 21 2 2 1 1 5 21 2 1 1 1
n 3 5 3 5 2 1 1 1 3 5 2 1 2 1
n 3 5 3 5 2 1 1 1 3 5 2 1 2 1
n 3 5 3 5 2 1 2 1 3 5 2 1 2 1
n 3 5 3 5 2 1 1 1 3 5 2 1 2 1
i 1 1 1 1 3 5 1 1 1 1 2 2 2 2
n 3 5 3 5 2 1 1 1 3 5 2 1 2 1
n 3 5 3 5 2 1 1 1 3 5 2 1 2 1
n 3 5 3 5 2 1 2 1 3 5 2 1 2 1
n 3 5 3 5 2 1 1 1 3 5 2 1 2 1
o 4 10 4 10 3 5 3 2 3 2 2 2 2 1
o 4 5 4 5 3 5 3 2 3 2 2 2 4 5
o 3 5 3 5 3 5 1 1 1 1 1 0 4 5
o 4 10 4 10 3 5 3 2 3 2 2 2 2 1
i 2 2 2 2 3 5 1 1 2 2 2 2 2 2
o 3 5 3 5 3 5 1 1 1 1 1 0 4 5
o 4 10 4 10 3 5 3 2 3 2 2 2 2 1
o 4 5 4 5 3 5 3 2 3 2 2 2 4 5
o 3 5 3 5 3 5 1 1 1 1 1 0 4 5
A 5 10 3 2 4 5 3 2 3 5 3 2 3 2
B 3 5 3 5 5 21 1 1 1 1 2 1 4 5
C 2 1 2 1 3 5 2 2 2 2 2 2 2 1
D 3 5 3 5 3 5 2 1 2 1 2 1 2 2
E 2 1 2 1 5 21 1 1 1 1 2 1 4 5
F 2 1 2 1 4 5 1 1 2 1 2 1 3 5
G 2 1 3 5 3 5 2 2 2 2 4 10 4 5
H 3 5 3 5 3 2 3 5 3 5 2 1 4 10
J 2 2 2 2 2 2 2 2 1 1 3 2 3 2
K 4 5 4 5 5 10 4 5 3 5 2 1 4 10
L 2 1 2 1 2 2 2 1 1 1 2 1 3 2
M 7 85 7 85 2 2 3 5 5 21 2 1 3 5
N 5 21 5 21 3 2 3 5 3 5 2 1 4 10
O 3 5 3 5 3 5 3 2 3 2 2 1 2 1
P 3 5 2 1 4 5 1 1 2 1 2 1 3 5
Q 4 5 4 5 4 5 2 1 2 2 2 2 2 1
R 4 5 4 5 4 5 2 1 3 5 2 1 5 21
S 2 1 2 2 5 21 1 1 1 1 4 5 4 5
T 3 2 3 2 1 1 1 1 3 2 1 1 1 1
U 3 5 3 5 2 2 3 5 1 1 3 5 3 2
V 5 10 5 10 2 2 3 5 3 2 3 5 3 5
W 7 42 9 170 2 1 5 21 5 10 2 1 3 2
X 5 10 5 10 3 2 3 5 3 5 4 5 4 5
Y 5 10 3 2 2 2 3 5 3 2 3 5 3 2
Z 3 2 3 2 5 21 2 2 1 1 2 1 4 5
a 2 2 3 5 5 21 2 2 1 1 4 5 2 1
b 4 5 3 5 4 10 2 1 1 1 2 1 5 10
c 2 1 2 1 3 5 2 2 2 2 4 10 2 1
d 4 10 3 5 4 10 2 2 1 1 3 2 5 10
e 3 5 2 1 5 21 2 2 2 1 1 0 4 5
f 1 1 3 2 4 5 2 2 3 2 4 10 3 5
g 3 5 4 10 5 21 1 1 2 2 3 2 6 21
h 4 5 3 5 3 2 2 1 3 5 2 1 3 2
i 1 1 1 1 3 5 1 1 1 1 2 2 2 2
j 2 2 2 2 2 2 2 2 1 1 3 2 3 2
k 3 5 2 1 5 10 2 1 3 5 2 1 5 10
l 1 1 1 1 1 1 1 1 1 1 2 2 2 2
m 5 21 5 21 2 2 1 1 5 21 2 1 3 5
n 3 5 3 5 2 1 1 1 3 5 2 1 2 1
o 3 5 3 5 3 5 3 2 3 2 2 2 4 5
p 3 5 4 5 4 5 1 1 2 1 2 1 5 21
q 3 5 4 10 4 5 1 1 2 2 2 2 5 21
r 2 1 2 1 2 1 1 1 2 1 2 1 1 1
s 2 1 2 2 5 21 1 1 1 1 3 2 4 5
t 1 1 3 2 4 10 1 1 2 2 4 10 5 10
u 3 5 3 5 2 2 3 5 1 1 2 1 2 1
v 5 10 5 10 2 2 3 5 3 2 3 5 2 2
w 9 170 5 10 2 1 5 21 5 10 2 1 1 0
x 5 10 5 10 3 2 3 5 3 5 4 5 2 1
y 5 10 3 2 3 2 3 5 2 1 4 5 2 2
z 3 2 3 2 5 21 1 1 1 1 2 1 4 5
M 3 5 7 85 2 2 3 5 5 21 2 1 4 10
o 4 5 4 5 3 5 3 2 3 2 2 2 4 5
d 2 2 3 5 4 10 2 2 1 1 3 2 2 1
u 3 5 3 5 2 2 3 5 1 1 2 1 2 1
l 1 1 1 1 1 1 1 1 1 1 2 2 2 2
e 4 10 3 2 5 21 2 2 2 2 2 2 6 21
A 5 10 3 2 4 5 3 2 3 5 3 2 3 2
ct 2 2 4 5 5 10 2 2 3 5 3 2 2 1
i 2 1 2 1 2 1 1 1 2 1 2 2 2 2
v 5 10 3 2 2 2 3 5 3 2 3 5 3 5
e 4 10 3 2 5 21 2 2 2 2 2 2 6 21
D 3 5 3 5 3 5 1 1 1 1 2 1 4 5
i 2 1 2 1 2 1 1 1 2 1 2 2 2 2
r 2 1 2 1 2 1 1 1 2 1 2 1 1 1
e 4 10 3 2 5 21 2 2 2 2 2 2 6 21
c 3 2 2 1 3 5 2 2 2 2 2 2 4 5
t 1 1 3 2 4 10 1 1 2 2 4 10 5 10
o 4 5 4 5 3 5 3 2 3 2 2 2 4 5
ry 6 21 4 5 3 5 3 5 3 2 3 5 3 2
p 3 5 2 1 4 5 2 1 2 1 2 1 3 5
o 3 5 3 5 3 5 1 1 1 1 1 0 4 5
u 3 5 3 5 2 2 3 5 1 1 2 1 2 1
r 2 1 2 1 2 1 1 1 2 1 2 1 1 1
W 6 21 9 170 2 1 5 21 5 10 2 1 2 1
i 1 1 1 1 3 5 1 1 1 1 2 2 2 2
n 3 5 3 5 2 1 1 1 3 5 2 1 2 1
d 2 2 3 5 4 10 2 2 1 1 3 2 2 1
o 4 10 4 10 3 5 3 2 3 2 2 2 2 1
w 6 21 5 10 2 1 5 21 5 10 2 1 1 0
s 2 1 2 2 5 21 1 1 1 1 3 2 4 5
P 3 5 2 1 4 5 1 1 2 1 2 1 3 5
o 4 10 4 10 3 5 3 2 3 2 2 2 2 1
w 6 21 5 10 2 1 5 21 5 10 2 1 1 0
e 3 5 2 1 5 21 1 1 1 1 2 1 4 5
r 2 1 2 1 2 1 1 1 2 1 2 1 1 1
S 2 1 2 2 5 21 1 1 1 1 4 5 4 5
h 4 5 3 5 3 2 2 1 3 5 2 1 3 2
e 3 5 2 1 5 21 3 2 2 1 1 0 4 5
l 1 1 1 1 1 1 1 1 1 1 2 2 2 2
l 1 1 1 1 1 1 1 1 1 1 2 2 2 2
. 1 1 1 1 1 1 1 0 1 0 2 2 2 2
. 1 1 1 1 1 1 1 0 1 0 2 2 2 2
. 1 1 1 1 1 1 1 0 1 0 2 2 2 2
. 1 1 1 1 1 1 1 0 1 0 2 2 2 2
i 2 1 2 1 2 1 1 1 2 1 2 2 2 2
. 1 1 1 1 1 1 1 0 1 0 2 2 2 2
. 1 1 1 1 1 1 1 0 1 0 2 2 2 2
. 1 1 1 1 1 1 1 0 1 0 2 2 2 2
. 1 1 1 1 1 1 1 0 1 0 2 2 2 2
, 1 1 2 1 2 1 1 1 2 1 2 2 2 2
, 1 1 2 1 2 1 1 1 2 1 2 2 2 2
, 2 2 2 1 2 1 2 2 2 1 2 2 2 2
, 2 2 1 1 2 1 2 2 2 1 2 2 2 2
i 2 1 2 1 2 1 1 1 2 1 2 2 2 2
, 2 2 2 1 2 1 2 2 2 1 2 2 2 2
, 2 2 1 1 2 1 2 2 2 1 2 2 2 2
, 2 2 2 2 2 1 2 2 2 1 2 2 2 2
, 1 1 1 1 1 1 1 1 1 1 2 2 2 2
@ 6 42 7 85 7 85 2 2 3 2 2 2 4 5
@ 6 42 8 170 7 85 2 2 3 2 2 2 4 5
@ 6 21 8 85 7 85 2 1 2 1 2 1 4 10
@ 5 21 8 85 7 85 1 1 2 1 2 1 4 5
i 1 1 1 1 3 5 1 1 1 1 2 2 2 2
@ 6 21 8 85 7 85 2 1 2 1 2 1 4 10
@ 5 21 8 85 7 85 1 1 2 1 2 1 4 5
@ 5 21 8 85 7 85 1 1 2 1 2 1 4 5
{ 3 2 3 2 3 5 2 2 2 2 4 10 2 1
{ 3 2 3 2 3 5 2 2 2 2 4 10 4 5
{ 3 2 3 2 3 5 2 2 2 2 4 10 2 1
{ 3 2 3 2 3 5 2 2 2 2 4 10 4 5
i 2 1 2 1 2 1 1 1 2 1 2 2 2 2
{ 3 2 3 2 3 5 2 2 2 2 4 10 4 5
{ 3 2 3 2 5 10 2 2 2 2 4 10 2 1
{ 3 2 3 2 3 5 2 2 2 2 4 10 4 5
{ 3 2 3 2 5 10 2 2 2 2 4 10 2 1
} 3 2 3 2 3 2 2 1 2 1 2 1 4 10
} 3 2 3 2 5 10 2 1 2 1 2 1 4 10
} 3 2 3 2 3 2 2 1 2 1 2 1 4 10
} 3 2 3 2 5 10 2 1 2 1 2 1 4 10
i 1 1 1 1 3 5 1 1 1 1 2 2 2 2
} 3 2 3 2 5 10 2 1 2 1 2 1 4 10
} 3 2 3 2 3 2 2 1 2 1 2 1 2 2
} 3 2 3 2 5 10 2 1 2 1 2 1 4 10
} 3 2 3 2 3 2 2 1 2 1 2 1 2 2
~ 3 5 4 5 1 1 1 0 1 0 2 1 1 0
~ 4 10 3 5 1 1 1 0 1 0 2 1 1 0
~ 4 10 3 5 2 1 1 0 1 0 2 1 1 0
~ 4 10 4 5 2 2 1 0 1 0 2 1 1 0
i 2 1 2 1 2 1 1 1 2 1 2 2 2 2
~ 4 10 3 5 2 1 1 0 1 0 2 1 1 0
~ 4 10 4 5 2 2 1 0 1 0 2 1 1 0
~ 4 10 4 5 2 2 1 0 1 0 2 1 1 0
~ 3 5 4 5 2 2 1 0 1 0 2 1 1 0
p 3 5 2 1 4 5 1 1 2 1 2 1 5 21
p 3 5 2 1 4 5 1 1 2 1 2 1 5 21
p 3 5 2 1 4 5 2 1 2 1 2 1 3 5
p 3 5 2 1 4 5 1 1 2 1 2 1 5 21
i 1 1 1 1 3 5 1 1 1 1 2 2 2 2
p 3 5 2 1 4 5 2 1 2 1 2 1 3 5
p 3 5 2 1 4 5 1 1 2 1 2 1 5 21
p 3 5 2 1 4 5 1 1 2 1 2 1 5 21
p 3 5 2 1 4 5 2 1 2 1 2 1 3 5
q 3 5 2 2 4 5 1 1 2 2 3 5 2 1
q 3 5 4 10 4 5 2 2 2 2 2 2 5 21
q 3 5 4 10 4 5 1 1 2 2 2 2 5 21
q 3 5 2 2 4 5 1 1 2 2 3 5 2 1
i 1 1 1 1 3 5 1 1 1 1 2 2 2 2
q 3 5 4 10 4 5 1 1 2 2 2 2 5 21
q 3 5 2 2 4 5 1 1 2 2 3 5 2 1
q 3 5 4 10 4 5 2 2 2 2 2 2 5 21
q 3 5 4 10 4 5 1 1 2 2 2 2 5 21
r 2 1 2 1 2 1 1 1 2 1 2 1 1 1
r 2 1 2 1 2 1 1 1 2 1 2 1 1 1
r 2 1 2 1 2 1 1 1 2 1 2 1 1 1
r 2 1 2 1 2 1 1 1 2 1 2 1 1 1
i 1 1 1 1 3 5 1 1 1 1 2 2 2 2
r 2 1 2 1 2 1 1 1 2 1 2 1 1 1
r 2 1 2 1 2 1 1 1 2 1 2 1 1 1
r 2 1 2 1 2 1 1 1 2 1 2 1 1 1
r 2 1 2 1 2 1 1 1 2 1 2 1 1 1
r 2 1 2 1 2 1 1 1 2 1 2 1 1 1
s 2 1 2 2 5 21 1 1 1 1 3 2 4 5
s 2 1 2 2 5 21 2 2 1 1 5 10 4 5
s 2 1 2 2 5 21 2 1 1 1 3 2 4 5
s 2 1 2 2 5 21 1 1 1 1 3 2 4 5
i 1 1 1 1 3 5 1 1 1 1 2 2 2 2
s 2 1 2 2 5 21 1 1 1 1 3 2 4 5
s 2 1 2 2 5 21 2 2 1 1 5 10 4 5
s 2 1 2 2 5 21 2 1 1 1 3 2 4 5
s 2 1 2 2 5 21 1 1 1 1 3 2 4 5
t 1 1 3 2 1 1 1 1 2 2 4 10 2 1
t 1 1 3 2 1 1 1 1 2 2 4 10 2 1
t 1 1 3 2 1 1 1 1 2 2 4 10 2 1
i 1 1 1 1 3 5 1 1 1 1 2 2 2 2
t 1 1 3 2 4 10 1 1 2 2 4 10 5 10
t 1 1 3 2 4 10 1 1 2 2 4 10 5 10
i 1 1 1 1 3 5 1 1 1 1 2 2 2 2
t 1 1 3 2 1 1 1 1 2 2 4 10 2 1
i 2 1 2 1 2 1 1 1 2 1 2 2 2 2
t 1 1 3 2 1 1 1 1 2 2 4 10 2 1
Q 4 5 4 5 4 5 2 1 1 1 3 5 2 1
Q 4 5 4 5 4 5 2 1 2 2 2 2 2 1
Q 4 5 4 5 4 5 2 1 2 2 2 2 4 5
Q 5 10 4 5 4 5 3 2 2 2 2 2 4 5
i 1 1 1 1 3 5 1 1 1 1 2 2 2 2
Q 4 5 4 5 4 5 2 1 2 2 2 2 4 5
Q 5 10 4 5 4 5 3 2 2 2 2 2 4 5
Q 5 10 5 10 4 5 3 2 2 2 2 2 4 5
R 4 5 4 5 4 5 2 1 3 5 2 1 3 5
R 4 5 4 5 4 5 2 1 3 5 2 1 3 5
R 4 5 4 5 4 5 2 1 3 5 2 1 5 21
R 4 5 4 5 4 5 2 1 3 5 2 1 5 21
i 1 1 1 1 3 5 1 1 1 1 2 2 2 2
R 4 5 4 5 4 5 2 1 3 5 2 1 3 5
R 4 5 4 5 4 5 2 1 3 5 2 1 3 5
R 4 5 4 5 4 5 2 1 3 5 2 1 5 21
R 4 5 4 5 4 5 2 1 3 5 2 1 5 21
S 2 1 2 2 5 21 2 1 1 1 3 2 4 5
S 2 1 2 2 5 21 1 1 1 1 4 5 4 5
S 2 1 2 2 5 21 1 1 1 1 4 5 4 5
S 2 1 2 2 5 21 1 1 1 1 4 5 4 5
i 1 1 1 1 3 5 1 1 1 1 2 2 2 2
S 2 1 2 2 5 21 2 1 1 1 3 2 4 5
S 2 1 2 2 5 21 1 1 1 1 4 5 4 5
S 2 1 2 2 5 21 1 1 1 1 4 5 4 5
S 2 1 2 2 5 21 1 1 1 1 4 5 4 5
T 3 2 3 2 1 1 1 1 3 2 1 1 1 1
T 3 2 3 2 1 1 1 1 3 2 1 1 1 1
T 3 2 3 2 1 1 1 1 3 2 1 1 1 1
i 1 1 1 1 3 5 1 1 1 1 2 2 2 2
T 3 2 3 2 1 1 1 1 3 2 1 1 1 1
i 1 1 1 1 3 5 1 1 1 1 2 2 2 2
T 3 2 3 2 1 1 1 1 3 2 1 1 1 1
T 3 2 3 2 1 1 1 1 3 2 1 1 2 1
i 2 1 2 1 2 1 1 1 2 1 2 2 2 2
T 3 2 3 2 1 1 1 1 3 2 1 1 1 1
i 2 2 2 2 3 5 1 1 2 2 2 2 2 2
T 3 2 3 2 1 1 1 1 3 2 1 1 2 1
U 3 5 3 5 2 2 3 5 1 1 3 5 3 2
U 3 5 3 5 2 2 3 5 1 1 3 5 3 2
U 3 5 3 5 2 2 3 5 2 2 3 5 3 2
U 3 5 3 5 2 2 3 5 1 1 2 1 3 2
i 1 1 1 1 3 5 1 1 1 1 2 2 2 2
U 3 5 3 5 2 2 3 5 2 2 3 5 3 2
U 3 5 3 5 2 2 3 5 1 1 2 1 3 2
U 3 5 3 5 2 2 3 5 2 1 2 1 3 2
U 3 5 3 5 2 2 3 5 2 1 3 5 3 2
R 4 5 4 5 4 5 2 1 3 5 2 1 3 5
o 3 5 3 5 3 5 2 1 2 1 2 1 4 5
u 3 5 3 5 2 2 3 5 1 1 2 1 2 1
t 1 1 3 2 1 1 1 1 2 2 4 10 2 1
a 2 2 3 5 5 21 2 1 1 1 4 5 2 1
g 3 5 4 10 5 21 1 1 2 2 3 2 6 21
e 3 5 2 1 5 21 1 1 1 1 2 1 4 5
e 3 5 2 1 5 21 1 1 1 1 2 1 4 5
t 1 1 3 2 1 1 1 1 2 2 4 10 2 1
a 2 2 3 5 5 21 2 2 2 2 4 5 2 1
c 2 1 2 1 3 5 2 2 2 2 2 2 4 5
c 2 1 2 1 3 5 2 2 1 1 1 0 4 5
è 3 2 2 1 8 170 3 2 1 1 3 2 5 10
s 2 1 2 2 5 21 2 1 2 1 3 2 4 5
d 2 2 3 5 4 10 2 2 1 1 3 2 2 1
i 1 1 1 1 3 5 1 1 1 1 2 2 2 2
s 2 1 2 2 5 21 1 1 1 1 3 2 4 5
t 1 1 3 2 1 1 1 1 2 2 4 10 2 1
a 2 2 3 5 5 21 2 2 2 2 4 5 2 1
n 3 5 3 5 2 1 2 1 3 5 2 1 2 1
t 1 1 3 2 1 1 1 1 2 2 4 10 2 1
rv 6 21 4 5 3 2 3 5 4 5 2 1 2 1
u 3 5 3 5 2 2 3 5 2 2 2 1 2 1
S 2 1 2 2 5 21 1 1 1 1 4 5 4 5
é 3 2 2 1 7 85 3 2 1 1 3 2 4 5
l 1 1 1 1 1 1 1 1 1 1 2 2 2 2
e 3 5 2 1 5 21 3 2 3 2 2 2 4 5
ct 2 2 4 5 4 10 2 2 3 5 3 2 2 1
i 1 1 1 1 3 5 1 1 1 1 2 2 2 2
o 4 10 4 10 3 5 3 2 3 2 2 2 2 1
n 3 5 3 5 2 1 1 1 3 5 2 1 2 1
n 3 5 3 5 2 1 1 1 3 5 2 1 2 1
e 3 5 2 1 5 21 1 1 1 1 2 1 4 5
r 2 1 2 1 2 1 1 1 2 1 2 1 1 1
W 7 42 7 42 2 1 5 21 5 10 2 1 3 2
i 2 1 2 1 2 1 1 1 2 1 2 2 2 2
n 3 5 3 5 2 1 1 1 3 5 2 1 2 1
d 2 2 3 5 4 10 2 2 1 1 3 2 2 1
o 3 5 3 5 3 5 3 2 3 2 2 2 2 1
w 6 21 5 10 2 1 5 21 5 10 2 1 2 1
s 2 1 2 2 5 21 2 1 1 1 3 2 4 5
P 3 5 2 1 4 5 1 1 2 1 2 1 3 5
o 3 5 3 5 3 5 3 2 3 2 2 2 2 1
w 6 21 5 10 2 1 5 21 5 10 2 1 2 1
e 3 5 2 1 5 21 1 1 1 1 2 1 4 5
r 2 1 2 1 2 1 1 1 2 1 2 1 1 1
S 2 1 2 2 5 21 1 1 1 1 4 5 4 5
h 4 5 3 5 3 2 2 1 3 5 2 1 3 2
e 3 5 2 1 5 21 1 1 1 1 2 1 4 5
l 1 1 1 1 1 1 1 1 1 1 2 2 2 2
l 1 1 1 1 1 1 1 1 1 1 2 2 2 2
( 3 2 2 1 3 5 2 2 2 2 4 10 4 5
x 5 10 5 10 3 2 3 5 3 5 4 5 4 5
8 4 10 3 5 5 21 2 2 1 1 4 10 4 5
6 3 2 4 10 5 21 3 2 2 2 4 10 4 5
) 2 2 2 2 5 10 1 1 1 1 2 1 4 10
S 2 1 2 2 5 21 1 1 1 1 4 5 4 5
e 3 5 2 1 5 21 1 1 1 1 2 1 4 5
rv 6 21 4 5 2 1 3 5 4 5 2 1 3 2
e 3 5 2 1 5 21 1 1 1 1 2 1 4 5
u 3 5 3 5 2 2 3 5 1 1 2 1 2 1
r 2 1 2 1 2 1 1 1 2 1 2 1 1 1
N 5 21 5 21 3 2 3 5 3 5 2 1 4 10
P 3 5 2 1 4 5 1 1 2 1 2 1 3 5
S 2 1 2 2 5 21 1 1 1 1 4 5 4 5
( 2 1 2 1 5 10 1 1 1 1 4 10 2 1
N 5 21 5 21 3 2 3 5 3 5 2 1 4 10
e 3 5 2 1 5 21 3 2 3 2 2 2 4 5
tw 5 21 9 170 2 2 5 21 7 42 2 1 3 2
o 3 5 3 5 3 5 2 1 2 1 2 1 4 5
r 2 1 2 1 2 1 1 1 2 1 2 1 1 1
k 3 5 2 1 5 10 2 1 3 5 2 1 5 10
P 3 5 2 1 4 5 1 1 2 1 2 1 5 21
o 4 5 4 5 3 5 3 2 3 2 2 2 4 5
l 1 1 1 1 1 1 1 1 1 1 2 2 2 2
i 1 1 1 1 3 5 1 1 1 1 2 2 2 2
c 2 1 2 1 3 5 2 2 2 2 2 2 4 5
y 5 10 3 2 3 2 3 5 2 1 4 5 3 5
S 2 1 2 2 5 21 2 1 1 1 3 2 2 1
e 3 5 2 1 5 21 3 2 2 1 1 0 4 5
rv 5 21 4 5 2 1 3 5 4 5 2 1 3 2
e 3 5 2 1 5 21 3 2 3 2 2 2 4 5
r 2 1 2 1 2 1 1 1 2 1 2 1 1 1
) 2 2 2 2 5 10 1 1 1 1 2 1 4 10
S 2 1 2 2 5 21 1 1 1 1 4 5 4 5
i 2 1 2 1 2 1 1 1 2 1 2 2 2 2
t 1 1 3 2 1 1 1 1 2 2 4 10 2 1
e 3 5 2 1 5 21 2 2 3 2 2 2 6 21
s 2 1 2 2 5 21 1 1 1 1 3 2 4 5
e 4 10 3 2 5 21 2 2 2 2 2 2 6 21
t 1 1 3 2 1 1 1 1 2 2 4 10 2 1
s 2 1 2 2 5 21 2 2 1 1 5 10 4 5
e 3 5 2 1 5 21 1 1 1 1 2 1 4 5
rv 6 21 4 5 2 1 3 5 4 5 2 1 3 2
i 1 1 1 1 3 5 1 1 1 1 2 2 2 2
c 3 2 3 2 3 5 2 2 2 2 2 2 2 1
e 3 5 2 1 5 21 2 2 3 2 2 2 6 21
s 2 1 2 2 5 21 1 1 1 1 3 2 4 5
A 5 10 3 2 4 5 3 2 3 5 3 2 3 2
ct 2 2 4 5 4 10 2 2 3 5 3 2 2 1
i 1 1 1 1 3 5 1 1 1 1 2 2 2 2
v 5 10 3 2 2 2 3 5 3 2 3 5 3 5
e 3 5 2 1 5 21 1 1 1 1 2 1 4 5
D 4 5 4 5 3 5 2 1 2 1 2 1 2 2
i 1 1 1 1 3 5 1 1 1 1 2 2 2 2
r 2 1 2 1 2 1 1 1 2 1 2 1 1 1
e 3 5 2 1 5 21 1 1 1 1 2 1 4 5
c 3 2 3 2 3 5 2 2 2 2 2 2 2 1
t 1 1 3 2 1 1 1 1 2 2 4 10 2 1
o 3 5 3 5 3 5 3 2 3 2 2 2 2 1
ry 6 21 4 5 4 10 3 5 3 2 3 5 3 5
P 3 5 2 1 4 5 1 1 2 1 2 1 5 21
a 2 2 3 5 5 21 2 2 1 1 4 5 2 1
n 3 5 3 5 2 1 1 1 3 5 2 1 2 1
n 3 5 3 5 2 1 2 1 3 5 2 1 2 1
e 3 5 2 1 5 21 2 2 3 2 2 2 6 21
a 2 2 3 5 5 21 2 2 1 1 4 5 2 1
u 3 5 3 5 2 2 3 5 1 1 2 1 2 1
d 2 2 3 5 4 10 2 2 1 1 3 2 5 10
e 3 5 2 1 5 21 1 1 1 1 2 1 4 5
c 3 2 3 2 3 5 2 2 2 2 2 2 2 1
o 3 5 3 5 3 5 3 2 3 2 2 2 2 1
n 3 5 3 5 2 1 2 1 3 5 2 1 2 1
fi 3 5 4 10 4 5 2 2 4 10 1 0 2 1
g 3 5 2 2 5 21 1 1 2 1 4 5 2 1
u 3 5 3 5 2 2 3 5 1 1 2 1 2 1
r 2 1 2 1 2 1 1 1 2 1 2 1 1 1
a 2 2 3 5 5 21 1 1 1 1 4 5 2 1
t 1 1 3 2 1 1 1 1 2 2 4 10 2 1
i 1 1 1 1 3 5 1 1 1 1 2 2 2 2
o 3 5 3 5 3 5 2 2 2 2 2 2 4 5
n 3 5 3 5 2 1 1 1 3 5 2 1 2 1
G 2 1 3 5 3 5 2 2 1 1 2 2 4 5
e 3 5 2 1 5 21 3 2 2 1 1 0 4 5
s 2 1 2 2 5 21 1 1 1 1 3 2 4 5
t 1 1 3 2 4 10 1 1 2 2 4 10 5 10
i 2 2 2 2 3 5 1 1 2 2 2 2 2 2
o 3 5 3 5 3 5 1 1 1 1 1 0 4 5
n 3 5 3 5 2 1 2 1 3 5 2 1 2 1
a 2 2 3 5 5 21 2 2 1 1 4 5 2 1
i 2 1 2 1 2 1 1 1 2 1 2 2 2 2
r 2 1 2 1 2 1 1 1 2 1 2 1 1 1
e 4 10 3 2 5 21 2 2 2 2 2 2 6 21
d 2 2 3 5 4 10 2 2 1 1 4 10 5 10
à 3 2 3 5 7 85 3 2 1 1 5 10 3 2
c 2 1 2 1 3 5 1 1 1 1 2 2 2 1
h 4 5 3 5 3 2 2 1 3 5 2 1 3 2
e 3 5 2 1 5 21 1 1 1 1 2 1 4 5
s 2 1 2 2 5 21 2 1 1 1 3 2 4 5
< 3 2 3 2 5 10 2 2 2 2 4 10 4 5
> 3 2 3 2 5 10 2 1 2 1 4 5 4 10
? 2 2 3 2 4 5 1 1 3 2 3 5 3 5
* 3 2 3 2 2 1 3 2 5 10 4 10 3 5
| 1 1 1 1 1 1 1 1 1 1 2 2 2 2
\\ 3 2 3 2 3 2 2 2 2 1 3 2 3 5
/ 3 2 3 2 3 2 2 1 2 2 3 5 3 2
: 1 0 1 0 3 5 1 1 1 1 2 2 2 2
ç 2 1 2 2 5 21 1 1 3 2 4 10 4 5
& 7 42 4 5 6 42 3 2 1 1 2 1 4 10
µ 3 5 3 5 3 2 3 5 2 1 2 1 3 5
$ 4 5 4 10 1 1 1 1 1 1 6 42 4 10
£ 3 2 3 2 5 21 3 2 1 1 5 10 4 5
§ 3 2 3 2 7 85 1 1 1 1 5 10 6 21
° 3 2 3 5 3 5 3 2 3 2 2 2 2 1
% 4 5 6 42 5 10 4 5 4 10 4 5 6 21
= 1 1 1 0 3 5 1 1 1 1 2 1 2 1
- 0 0 1 1 1 1 1 0 1 0 1 1 1 1
' 1 1 1 1 1 1 1 1 1 1 2 2 2 2
( 3 2 2 1 5 10 2 2 2 2 4 10 4 5
_ 0 0 1 1 1 1 1 0 1 0 1 1 1 1
+ 3 2 3 2 1 1 3 2 3 2 4 10 4 10
! 1 1 1 1 3 5 1 1 1 1 2 2 2 2
) 3 2 2 2 5 10 2 1 2 1 4 5 4 10
{ 3 2 3 2 5 10 2 2 2 2 4 10 2 1
} 3 2 3 2 5 10 2 1 2 1 2 1 4 10
[ 2 1 2 1 3 5 1 1 1 1 2 1 2 1
] 2 2 2 2 3 5 1 1 1 1 2 1 2 1
@ 6 42 8 85 7 85 2 2 2 1 1 0 4 5
, 2 2 2 1 2 1 2 2 2 1 2 2 2 2
; 1 0 2 2 4 5 2 2 1 1 2 2 2 2
. 1 1 1 1 1 1 1 0 1 0 2 2 2 2
~ 4 10 4 5 1 1 1 0 1 0 2 1 1 0
t 1 1 3 2 1 1 1 1 2 2 4 10 2 1
o 3 5 3 5 3 5 1 1 1 1 1 0 4 5
t 1 1 3 2 1 1 1 1 2 2 4 10 2 1
o 4 10 4 10 3 5 3 2 3 2 2 2 2 1
- 0 0 1 1 1 1 1 0 1 0 1 1 1 1
B 3 5 3 5 5 21 1 1 1 1 2 1 2 1
l 1 1 1 1 1 1 1 1 1 1 2 2 2 2
o 3 5 3 5 3 5 3 2 3 2 2 2 2 1
c 2 1 2 1 3 5 2 2 2 2 2 2 4 5
- 0 0 1 1 1 1 1 0 1 0 1 1 1 1
n 3 5 3 5 2 1 2 1 3 5 2 1 2 1
o 4 5 4 5 3 5 3 2 3 2 2 2 4 5
t 1 1 3 2 1 1 1 1 2 2 4 10 2 1
e 3 5 2 1 5 21 1 1 1 1 2 1 4 5
s 2 1 2 2 5 21 2 1 1 1 3 2 4 5
$ 4 5 4 10 1 1 1 1 1 1 6 42 4 10
$ 4 5 4 10 1 1 1 1 1 1 6 42 4 10
$ 4 5 4 10 1 1 1 1 1 1 6 42 4 10
$ 4 5 4 10 1 1 1 1 1 1 6 42 4 10
i 1 1 1 1 3 5 1 1 1 1 2 2 2 2
$ 4 5 4 10 7 42 2 1 1 1 4 10 4 10
$ 4 5 4 10 7 42 2 1 1 1 4 10 4 10
$ 4 5 4 10 7 42 2 1 1 1 4 10 4 10
$ 4 5 4 10 7 42 2 1 1 1 4 10 4 10
ù 3 5 3 5 4 10 3 2 1 1 2 1 3 2
ù 3 5 3 5 4 10 3 2 1 1 3 2 3 2
ù 3 5 3 5 3 5 3 2 1 1 3 2 3 2
ù 3 5 3 5 4 10 3 2 1 1 2 1 3 2
i 1 1 1 1 3 5 1 1 1 1 2 2 2 2
ù 3 5 3 5 4 10 3 2 1 1 2 1 3 2
ù 3 5 3 5 4 10 3 2 1 1 3 2 3 2
ù 3 5 3 5 3 5 3 2 1 1 3 2 3 2
ù 3 5 3 5 4 10 3 2 1 1 2 1 3 2
é 3 2 2 1 7 85 3 2 1 1 3 2 4 5
é 3 2 2 1 7 85 3 2 1 1 3 2 4 5
é 3 2 2 1 8 170 3 2 2 2 4 10 6 21
é 3 2 2 1 8 170 3 2 2 1 4 10 6 21
i 2 2 2 2 3 5 1 1 2 2 2 2 2 2
é 3 2 2 1 7 85 3 2 1 1 3 2 4 5
é 3 2 2 1 7 85 3 2 1 1 3 2 4 5
é 3 2 2 1 8 170 3 2 2 2 4 10 6 21
é 3 2 2 1 8 170 3 2 2 1 4 10 6 21
= 1 1 1 0 3 5 1 1 1 1 2 1 2 1
= 1 1 1 0 3 5 1 1 1 1 2 1 2 1
= 1 1 1 0 3 5 1 1 1 1 2 1 2 1
= 1 1 1 0 3 5 1 1 1 1 2 1 2 1
i 1 1 1 1 3 5 1 1 1 1 2 2 2 2
= 1 1 1 0 3 5 1 1 1 1 2 1 2 1
= 1 1 1 0 3 5 1 1 1 1 2 1 2 1
= 1 1 1 0 3 5 1 1 1 1 2 1 2 1
= 1 1 1 0 3 5 1 1 1 1 2 1 2 1
è 3 2 2 1 7 85 3 2 2 1 4 10 5 10
è 3 2 2 1 7 85 3 2 2 1 3 2 5 10
è 3 2 2 1 8 170 3 2 1 1 3 2 5 10
è 3 2 2 1 8 170 3 2 1 1 3 2 5 10
i 1 1 1 1 3 5 1 1 1 1 2 2 2 2
è 3 2 2 1 7 85 3 2 2 1 4 10 5 10
è 3 2 2 1 7 85 3 2 2 1 3 2 5 10
è 3 2 2 1 8 170 3 2 1 1 3 2 5 10
è 3 2 2 1 8 170 3 2 1 1 3 2 5 10
) 2 2 2 2 4 10 1 1 1 1 2 1 4 10
) 3 2 2 2 5 10 2 1 1 1 4 5 4 10
) 2 2 2 2 4 10 1 1 1 1 2 1 4 10
) 3 2 2 2 5 10 2 1 1 1 4 5 4 10
i 1 1 1 1 3 5 1 1 1 1 2 2 2 2
) 2 2 2 2 5 10 1 1 1 1 2 1 4 10
) 3 2 3 2 3 2 2 1 2 1 2 1 4 10
) 2 2 2 2 5 10 1 1 1 1 2 1 4 10
) 3 2 3 2 3 2 2 1 2 1 2 1 4 10
% 6 21 6 42 3 2 4 5 4 10 4 5 4 5
% 6 21 6 42 3 2 4 5 4 10 4 5 4 5
% 6 21 7 42 3 2 4 5 4 10 4 5 4 5
% 7 42 6 42 3 2 4 5 4 10 4 5 4 5
i 1 1 1 1 3 5 1 1 1 1 2 2 2 2
% 6 21 7 42 3 2 4 5 4 10 4 5 4 5
% 7 42 6 42 3 2 4 5 4 10 4 5 4 5
% 6 21 6 42 3 2 4 5 4 10 4 5 4 5
% 6 21 6 42 3 2 4 5 4 10 4 5 4 5
U 3 5 3 5 2 2 3 5 1 1 3 5 3 2
t 1 1 3 2 4 10 1 1 2 2 4 10 5 10
i 1 1 1 1 3 5 1 1 1 1 2 2 2 2
l 1 1 1 1 1 1 1 1 1 1 2 2 2 2
i 1 1 1 1 3 5 1 1 1 1 2 2 2 2
s 2 1 2 2 5 21 1 1 1 1 3 2 4 5
a 2 2 3 5 5 21 2 2 1 1 4 5 2 1
t 1 1 3 2 1 1 1 1 2 2 4 10 2 1
e 3 5 2 1 5 21 1 1 1 1 2 1 4 5
u 3 5 3 5 2 2 3 5 1 1 2 1 2 1
r 2 1 2 1 2 1 1 1 2 1 2 1 1 1
s 2 1 2 2 5 21 1 1 1 1 3 2 4 5
e 4 10 3 2 5 21 2 2 2 2 2 2 6 21
t 1 1 3 2 1 1 1 1 2 2 4 10 2 1
o 3 5 3 5 3 5 3 2 3 2 2 2 2 1
r 2 1 2 1 2 1 1 1 2 1 2 1 1 1
d 2 2 3 5 4 10 2 2 1 1 3 2 5 10
i 1 1 1 1 3 5 1 1 1 1 2 2 2 2
n 3 5 3 5 2 1 1 1 3 5 2 1 2 1
a 2 2 3 5 5 21 1 1 1 1 4 5 2 1
t 1 1 3 2 1 1 1 1 2 2 4 10 2 1
e 3 5 2 1 5 21 2 2 3 2 2 2 6 21
u 3 5 3 5 2 2 3 5 2 2 2 1 2 1
r 2 1 2 1 2 1 1 1 2 1 2 1 1 1
s 2 1 2 2 5 21 2 1 1 1 3 2 4 5
A 5 10 3 2 4 5 3 2 3 5 3 2 3 2
c 3 2 3 2 3 5 2 2 2 2 2 2 2 1
t 1 1 3 2 1 1 1 1 2 2 4 10 2 1
i 1 1 1 1 3 5 1 1 1 1 2 2 2 2
v 3 5 3 2 2 2 3 5 3 2 3 5 3 5
e 3 5 2 1 5 21 3 2 3 2 2 2 4 5
D 3 5 3 5 3 5 1 1 2 1 2 1 4 5
i 1 1 1 1 3 5 1 1 1 1 2 2 2 2
r 2 1 2 1 2 1 1 1 2 1 2 1 1 1
e 3 5 2 1 5 21 3 2 3 2 2 2 4 5
ct 2 2 4 5 4 10 2 2 3 5 3 2 2 1
o 3 5 3 5 3 5 1 1 1 1 1 0 4 5
ry 6 21 4 5 3 5 3 5 3 2 3 5 3 2
u 3 5 3 5 2 2 3 5 1 1 2 1 2 1
u 3 5 3 5 2 2 3 5 2 2 2 1 2 1
u 3 5 3 5 2 2 3 5 1 1 2 1 2 1
u 3 5 3 5 2 2 3 5 1 1 2 1 2 1
i 2 2 2 2 3 5 1 1 2 2 2 2 2 2
u 3 5 3 5 2 2 3 5 1 1 2 1 2 1
u 3 5 3 5 2 2 3 5 2 2 2 1 2 1
u 3 5 3 5 2 2 3 5 1 1 2 1 2 1
u 3 5 3 5 2 2 3 5 1 1 2 1 2 1
v 4 5 3 2 2 2 3 5 3 2 3 5 3 5
v 5 10 3 2 2 2 3 5 3 2 3 5 3 5
v 5 10 3 2 2 2 3 5 3 2 3 5 3 5
i 2 1 2 1 2 1 1 1 2 1 2 2 2 2
v 5 10 3 2 2 2 3 5 3 2 3 5 3 5
i 1 1 1 1 3 5 1 1 1 1 2 2 2 2
v 4 5 3 2 2 2 3 5 3 2 3 5 3 5
v 5 10 3 2 2 2 3 5 3 2 3 5 3 5
i 1 1 1 1 3 5 1 1 1 1 2 2 2 2
v 4 5 3 2 2 2 3 5 3 2 3 5 3 5
i 1 1 1 1 3 5 1 1 1 1 2 2 2 2
v 3 5 3 2 2 2 3 5 3 2 3 5 3 5
w 6 21 5 10 2 1 5 21 5 10 2 1 1 0
w 7 42 5 10 2 1 5 21 5 10 2 1 1 0
w 6 42 5 10 2 1 5 21 5 10 2 1 3 2
i 2 2 2 2 3 5 1 1 2 2 2 2 2 2
w 7 42 5 10 2 1 5 21 5 10 2 1 1 0
i 1 1 1 1 3 5 1 1 1 1 2 2 2 2
w 6 21 5 10 2 1 5 21 5 10 2 1 1 0
w 7 42 5 10 2 1 5 21 5 10 2 1 1 0
i 1 1 1 1 3 5 1 1 1 1 2 2 2 2
w 6 21 5 10 2 1 5 21 5 10 2 1 1 0
i 1 1 1 1 3 5 1 1 1 1 2 2 2 2
w 6 42 5 10 2 1 5 21 5 10 2 1 3 2
x 3 2 3 2 3 2 3 5 3 5 4 5 4 5
x 5 10 5 10 3 2 3 5 3 5 4 5 4 5
x 5 10 5 10 3 2 4 10 3 5 4 5 2 1
i 2 1 2 1 2 1 1 1 2 1 2 2 2 2
x 5 10 3 2 3 2 3 5 3 5 4 5 4 5
i 2 2 2 2 3 5 1 1 2 2 2 2 2 2
x 5 10 5 10 3 2 4 10 3 5 4 5 2 1
x 5 10 5 10 3 2 3 5 3 5 4 5 2 1
i 1 1 1 1 3 5 1 1 1 1 2 2 2 2
x 3 2 3 2 3 2 3 5 3 5 4 5 4 5
i 1 1 1 1 3 5 1 1 1 1 2 2 2 2
x 5 10 5 10 3 2 3 5 3 5 4 5 2 1
V 5 10 5 10 2 2 3 5 3 2 3 5 3 5
V 5 10 5 10 2 2 3 5 3 2 3 5 3 2
V 5 10 5 10 2 2 3 5 3 2 3 5 3 2
i 1 1 1 1 3 5 1 1 1 1 2 2 2 2
V 5 10 5 10 2 2 3 5 3 2 3 5 3 2
i 2 2 2 2 3 5 1 1 2 2 2 2 2 2
V 5 10 5 10 2 2 3 5 3 2 3 5 3 5
i 1 1 1 1 3 5 1 1 1 1 2 2 2 2
V 5 10 5 10 2 2 3 5 3 2 3 5 3 5
V 5 10 5 10 2 2 3 5 3 2 3 5 3 5
V 5 10 5 10 2 2 3 5 3 2 3 5 3 2
W 7 42 9 170 2 1 5 21 5 10 2 1 1 0
W 6 21 9 170 2 1 5 21 5 10 2 1 2 1
W 7 42 7 42 2 1 5 21 5 10 2 1 3 2
i 2 1 2 1 2 1 1 1 2 1 2 2 2 2
W 7 42 9 170 2 1 5 21 5 10 2 1 3 2
i 2 2 2 2 3 5 1 1 2 2 2 2 2 2
W 7 42 7 42 2 1 5 21 5 10 2 1 3 2
W 7 42 5 10 2 1 5 21 5 10 2 1 3 2
i 1 1 1 1 3 5 1 1 1 1 2 2 2 2
W 7 42 9 170 2 1 5 21 5 10 2 1 1 0
i 1 1 1 1 3 5 1 1 1 1 2 2 2 2
W 7 42 5 10 2 1 5 21 5 10 2 1 3 2
X 5 10 5 10 3 2 3 5 3 5 4 5 4 10
X 5 10 5 10 3 2 3 5 3 5 4 5 4 10
X 5 10 5 10 3 2 3 5 3 5 4 5 4 10
i 1 1 1 1 3 5 1 1 1 1 2 2 2 2
X 5 10 5 10 3 2 4 10 3 5 4 5 4 5
i 1 1 1 1 3 5 1 1 1 1 2 2 2 2
X 5 10 5 10 3 2 3 5 3 5 4 5 4 10
X 5 10 5 10 3 2 3 5 3 5 4 5 4 10
i 1 1 1 1 3 5 1 1 1 1 2 2 2 2
X 5 10 5 10 3 2 3 5 3 5 4 5 4 10
i 1 1 1 1 3 5 1 1 1 1 2 2 2 2
X 5 10 5 10 3 2 3 5 3 5 4 5 4 10
Y 5 10 3 2 2 2 3 5 3 2 3 5 3 2
Y 5 10 3 2 2 2 3 5 3 2 3 5 2 2
Y 5 10 3 2 2 2 3 5 3 2 3 5 2 2
i 1 1 1 1 3 5 1 1 1 1 2 2 2 2
Y 5 10 3 2 2 2 3 5 3 2 3 5 2 2
i 2 2 2 2 3 5 1 1 2 2 2 2 2 2
Y 5 10 3 2 2 2 3 5 3 2 3 5 3 2
Y 5 10 3 2 2 2 3 5 3 2 3 5 2 2
i 2 2 2 2 3 5 1 1 2 2 2 2 2 2
Y 5 10 3 2 2 2 3 5 3 2 3 5 3 2
i 1 1 1 1 3 5 1 1 1 1 2 2 2 2
Y 5 10 3 2 2 2 3 5 3 2 3 5 3 2
Z 3 2 3 2 5 21 2 2 1 1 2 1 4 5
Z 3 2 3 2 5 21 1 1 1 1 2 1 4 5
Z 3 2 3 2 5 21 2 2 1 1 2 1 4 5
i 1 1 1 1 3 5 1 1 1 1 2 2 2 2
Z 3 2 3 2 5 21 1 1 1 1 2 1 4 5
i 1 1 1 1 3 5 1 1 1 1 2 2 2 2
Z 3 2 3 2 5 21 1 1 1 1 2 1 4 5
Z 3 2 3 2 5 21 2 2 1 1 2 1 4 5
i 2 2 2 2 3 5 1 1 2 2 2 2 2 2
Z 3 2 3 2 5 21 2 2 1 1 2 1 4 5
i 1 1 1 1 3 5 1 1 1 1 2 2 2 2
Z 3 2 3 2 5 21 1 1 1 1 2 1 4 5
W 7 42 7 42 2 1 5 21 5 10 2 1 3 2
i 2 1 2 1 2 1 1 1 2 1 2 2 2 2
n 3 5 3 5 2 1 1 1 3 5 2 1 2 1
d 2 2 3 5 4 10 2 2 1 1 3 2 2 1
o 3 5 3 5 3 5 3 2 3 2 2 2 2 1
w 6 21 5 10 2 1 5 21 5 10 2 1 2 1
s 2 1 2 2 5 21 2 1 1 1 3 2 4 5
P 3 5 2 1 4 5 1 1 2 1 2 1 3 5
o 3 5 3 5 3 5 3 2 3 2 2 2 2 1
w 6 21 5 10 2 1 5 21 5 10 2 1 2 1
e 3 5 2 1 5 21 1 1 1 1 2 1 4 5
r 2 1 2 1 2 1 1 1 2 1 2 1 1 1
S 2 1 2 2 5 21 1 1 1 1 4 5 4 5
h 4 5 3 5 3 2 2 1 3 5 2 1 3 2
e 3 5 2 1 5 21 1 1 1 1 2 1 4 5
l 1 1 1 1 1 1 1 1 1 1 2 2 2 2
l 1 1 1 1 1 1 1 1 1 1 2 2 2 2
( 3 2 2 1 3 5 2 2 2 2 4 10 4 5
x 5 10 5 10 3 2 3 5 3 5 4 5 4 5
8 4 10 3 5 5 21 2 2 1 1 4 10 4 5
6 3 2 4 10 5 21 3 2 2 2 4 10 4 5
) 2 2 2 2 5 10 1 1 1 1 2 1 4 10
y 5 10 3 2 3 2 3 5 3 2 4 5 4 10
y 5 10 3 2 3 2 3 5 2 1 4 5 3 5
y 5 10 3 2 3 2 3 5 2 1 4 5 3 5
i 1 1 1 1 3 5 1 1 1 1 2 2 2 2
y 5 10 3 2 3 2 3 5 2 1 4 5 3 5
i 2 2 2 2 3 5 1 1 2 2 2 2 2 2
y 5 10 3 2 3 2 3 5 3 2 4 5 4 10
y 5 10 3 2 3 2 3 5 2 1 4 5 3 5
i 2 2 2 2 3 5 1 1 2 2 2 2 2 2
y 5 10 3 2 3 2 3 5 3 2 4 5 4 10
i 1 1 1 1 3 5 1 1 1 1 2 2 2 2
y 5 10 3 2 3 2 3 5 2 1 4 5 2 2
z 3 2 3 2 5 21 3 2 1 1 2 1 4 5
z 3 2 3 2 5 21 1 1 1 1 2 1 4 5
z 3 2 3 2 5 21 1 1 1 1 2 1 4 5
i 1 1 1 1 3 5 1 1 1 1 2 2 2 2
z 3 2 3 2 5 21 1 1 1 1 2 1 4 5
i 2 2 2 2 3 5 1 1 2 2 2 2 2 2
z 3 2 3 2 5 21 3 2 1 1 2 1 4 5
z 3 2 3 2 5 21 1 1 1 1 2 1 4 5
i 2 2 2 2 3 5 1 1 2 2 2 2 2 2
z 3 2 3 2 5 21 3 2 1 1 2 1 4 5
i 1 1 1 1 3 5 1 1 1 1 2 2 2 2
z 3 2 3 2 5 21 1 1 1 1 2 1 4 5
É 1 1 2 1 8 170 2 2 1 1 3 2 7 42
À 3 2 5 10 6 21 3 2 1 1 3 2 3 2
È 1 1 2 1 7 85 3 2 1 1 3 2 8 85
Ì 1 1 3 2 4 10 2 1 1 1 4 5 3 2
Ò 3 2 3 5 5 21 3 2 1 1 4 10 3 2
Ù 3 5 3 5 3 5 3 2 1 1 3 2 3 2
Ã 3 2 5 10 6 21 3 2 1 1 3 2 4 5
Õ 3 2 3 5 5 21 3 2 1 1 4 10 4 5
Â 3 2 5 10 6 21 3 2 1 1 3 2 4 5
Ê 1 1 2 1 7 85 2 2 1 1 3 2 6 21
Î 1 1 3 2 3 5 1 1 1 1 5 10 4 5
Ô 3 2 3 5 5 21 3 2 1 1 4 10 4 5
Û 3 5 3 5 3 5 3 2 1 1 3 2 4 5
Ä 3 2 5 10 5 10 3 2 1 1 2 1 2 1
Ë 1 1 2 1 6 42 1 1 1 1 2 1 7 42
Ï 2 1 3 2 2 2 1 1 2 1 4 5 3 2
Ö 3 2 3 5 4 10 3 2 1 1 3 5 2 1
Ü 3 5 3 5 2 2 3 5 1 1 2 1 2 1
é 1 0 1 1 8 170 2 2 1 1 4 10 7 42
à 1 0 2 2 7 85 3 2 1 1 4 10 8 85
è 1 0 1 1 7 85 3 2 1 1 4 10 8 85
ì 1 0 2 2 3 5 1 1 2 2 1 1 3 2
ò 1 0 3 5 5 21 3 2 1 1 3 2 3 2
ù 1 0 3 5 4 10 3 2 1 1 2 1 3 2
ã 1 0 2 2 7 85 2 2 1 1 4 10 6 21
õ 1 0 3 5 6 42 3 2 1 1 4 5 4 5
â 1 0 2 2 7 85 2 2 1 1 4 10 6 21
ê 1 0 1 1 7 85 2 2 1 1 4 10 6 21
î 1 0 3 2 3 5 1 1 3 2 2 2 4 5
ô 1 0 3 5 5 21 3 2 1 1 3 2 3 2
û 1 0 3 5 3 5 3 2 1 1 3 2 3 2
ä 3 2 3 5 6 42 3 5 1 1 3 5 7 42
ë 3 2 2 1 6 42 3 5 1 1 3 5 7 42
ï 2 2 2 2 3 5 2 1 2 2 1 1 3 2
¨ 0 0 1 1 1 1 1 0 1 0 1 0 1 0
ö 3 2 3 5 4 10 4 10 1 1 2 1 2 1
ü 3 5 3 5 2 2 4 10 1 1 2 1 2 1
0 3 5 3 5 3 5 1 1 1 1 2 2 2 1
1 3 2 3 2 1 1 2 1 1 1 3 2 2 1
2 2 2 3 2 5 21 1 1 1 1 3 2 4 5
3 2 2 2 2 5 21 1 1 1 1 2 1 4 5
4 3 2 1 1 1 1 3 2 3 2 4 10 2 1
5 2 1 2 2 5 21 1 1 1 1 4 5 4 5
6 2 1 3 5 5 21 2 1 1 1 2 2 4 5
7 2 2 3 2 3 5 1 1 3 2 1 1 2 1
8 3 5 3 5 5 21 1 1 1 1 4 10 4 5
9 3 5 2 2 5 21 1 1 2 2 2 2 4 5
nf 3 5 6 21 2 2 2 2 6 21 3 2 2 1
if 1 1 4 5 2 2 3 5 4 5 2 1 2 1
pf 3 5 6 21 3 2 3 5 4 5 3 2 3 5
af 4 10 6 21 2 2 2 2 4 5 5 10 2 1
zf 1 1 5 10 3 2 2 2 4 5 5 10 1 0
ef 4 10 4 5 4 10 2 2 4 5 3 2 2 1
rf 1 1 4 5 3 2 2 2 4 5 3 2 2 1
tf 1 1 4 5 3 2 3 5 4 5 2 1 2 1
yf 3 5 5 10 3 2 3 5 4 5 3 2 3 5
uf 3 5 6 21 2 2 2 2 4 5 3 2 2 1
if 1 1 4 5 2 2 3 5 4 5 2 1 2 1
of 4 10 6 21 3 2 2 2 4 5 3 2 2 1
pf 3 5 6 21 3 2 3 5 4 5 3 2 3 5
mf 3 5 8 85 2 2 2 2 8 85 3 2 2 1
lf 1 1 4 5 2 2 3 5 4 5 2 1 2 1
kf 3 5 4 5 4 10 3 5 6 21 2 1 2 1
jf 2 2 5 10 3 2 2 2 4 5 2 1 3 5
hf 3 5 6 21 2 2 3 5 6 21 2 1 2 1
gf 2 2 6 21 3 2 2 2 5 10 5 10 3 5
ff 1 1 5 10 3 2 4 10 5 10 1 0 1 0
df 2 2 6 21 1 1 4 10 4 5 3 2 2 1
sf 2 2 5 10 3 2 2 2 4 5 5 10 1 0
qf 2 2 6 21 2 2 2 2 5 10 4 10 3 5
wf 5 21 9 170 2 2 2 2 7 42 3 2 2 1
xf 3 5 5 10 4 10 2 2 6 21 3 2 2 1
cf 2 2 4 5 3 2 2 2 4 5 3 2 1 0
vf 3 5 7 42 3 2 2 2 5 10 3 2 2 1
bf 3 5 6 21 3 2 3 5 4 5 2 1 2 1
nf 3 5 6 21 2 2 2 2 6 21 3 2 2 1
ît 3 2 5 10 3 2 2 1 4 10 4 5 1 0
ff 1 1 5 10 3 2 4 10 5 10 1 0 1 0
TE 5 10 5 10 2 1 1 1 4 10 2 1 2 1
TR 7 42 7 42 1 1 2 1 6 42 2 1 2 1
TU 6 42 6 42 2 1 3 5 4 10 2 1 2 1
TZ 5 10 5 10 3 5 1 1 4 10 2 1 4 5
TE 5 10 5 10 2 1 1 1 4 10 2 1 2 1
TT 5 10 5 10 2 1 1 1 5 10 2 1 2 1
TY 5 10 5 10 2 1 3 5 5 10 2 1 2 1
TI 5 10 5 10 2 1 1 1 4 10 2 1 2 1
TP 6 42 5 10 1 1 1 1 5 10 2 1 3 5
TS 5 10 4 10 2 1 1 1 4 10 2 1 4 5
TD 6 42 6 42 1 1 2 1 5 10 2 1 2 1
TF 5 10 5 10 2 1 1 1 5 10 2 1 2 1
TH 6 42 6 42 1 1 3 5 6 42 2 1 2 1
TK 7 42 7 42 1 1 3 5 6 42 2 1 2 1
TL 5 10 5 10 2 1 2 1 4 10 2 1 2 1
TM 6 42 8 170 2 1 3 5 8 170 2 1 2 1
TW 8 170 7 42 2 2 5 21 7 42 2 1 2 1
TX 5 10 5 10 3 5 3 5 6 42 2 1 2 1
TV 6 42 5 10 2 1 3 5 5 10 2 1 2 1
TB 6 42 6 42 1 1 1 1 4 10 2 1 2 1
TN 6 42 6 42 1 1 3 5 6 42 2 1 2 2
A 5 10 3 2 4 5 3 2 3 5 3 2 2 1
B 3 5 3 5 5 21 1 1 1 1 2 1 2 1
C 2 1 2 1 3 5 2 2 2 2 2 2 4 5
D 3 5 3 5 3 5 2 1 2 1 2 1 2 1
E 2 1 2 1 5 21 1 1 1 1 2 1 4 5
F 2 1 2 1 4 5 1 1 2 1 2 1 3 5
G 2 1 3 5 3 5 2 2 2 2 2 2 2 1
H 3 5 3 5 3 2 3 5 3 5 2 1 2 1
I 3 2 3 2 1 1 1 1 1 1 2 1 2 1
J 2 2 2 2 1 1 2 2 1 1 3 2 2 1
K 4 5 4 5 3 2 3 5 3 5 2 1 4 5
L 2 1 2 1 2 2 2 1 1 1 2 1 3 2
M 3 5 5 21 2 2 3 5 5 21 2 1 2 1
N 3 5 3 5 3 2 3 5 3 5 2 1 4 10
O 3 5 3 5 3 5 3 2 3 2 2 2 2 1
P 3 5 2 1 4 5 1 1 2 1 2 1 3 5
Q 4 5 5 10 4 5 2 1 2 2 2 2 2 1
R 4 5 4 5 2 1 2 1 3 5 2 1 3 2
S 2 1 2 2 5 21 1 1 1 1 4 10 4 5
T 3 2 3 2 1 1 1 1 3 2 1 1 1 1
U 3 5 3 5 2 2 3 5 1 1 2 1 2 1
V 3 5 3 2 2 2 3 5 3 2 3 5 3 5
W 5 21 5 10 2 1 5 21 5 10 2 1 2 1
X 3 2 3 2 3 2 3 5 3 5 4 5 4 5
Y 3 2 3 2 2 2 3 5 3 2 3 5 3 5
Z 3 2 3 2 5 21 1 1 1 1 2 1 4 5
a 2 2 3 5 5 21 2 2 1 1 4 10 4 5
b 2 1 3 5 4 10 2 1 1 1 2 1 3 2
c 2 1 2 1 3 5 1 1 1 1 2 2 2 1
d 2 2 3 5 4 10 2 2 1 1 3 2 2 1
e 3 5 2 1 5 21 1 1 1 1 2 2 4 5
f 1 1 3 2 1 1 2 2 3 2 4 10 2 1
g 3 5 2 2 5 21 1 1 2 2 4 5 2 1
h 2 1 3 5 3 2 2 1 3 5 2 1 3 2
i 1 1 1 1 3 5 1 1 1 1 2 2 2 2
j 2 2 2 2 3 5 2 2 1 1 3 2 3 5
k 3 5 2 1 3 2 2 1 3 5 2 1 4 10
l 1 1 1 1 1 1 1 1 1 1 2 2 2 2
m 5 21 5 21 1 1 1 1 5 21 2 1 2 1
n 3 5 3 5 2 1 1 1 3 5 2 1 2 1
o 3 5 3 5 3 5 1 1 1 1 2 1 2 1
p 3 5 2 1 4 5 1 1 2 1 2 1 3 5
q 3 5 2 2 4 5 1 1 2 2 3 5 2 1
r 2 1 2 1 1 1 1 1 2 1 2 1 1 1
s 2 1 2 2 3 5 1 1 1 1 3 2 2 1
t 1 1 2 1 1 1 2 1 1 1 3 5 5 10
u 3 5 3 5 2 2 3 5 1 1 2 1 2 1
v 3 5 5 10 2 2 3 5 3 2 3 5 3 2
w 5 21 7 42 2 1 5 21 5 10 2 1 2 1
x 3 5 3 2 3 2 3 5 3 5 4 5 4 10
y 5 10 3 2 3 2 3 5 2 1 4 5 4 10
z 2 2 3 2 3 5 1 1 1 1 2 1 4 5
\\ 2 1 3 2 2 2 2 1 2 2 3 5 3 2
/ 2 2 3 2 2 1 2 2 2 1 3 2 3 5
: 1 1 1 0 3 5 1 1 1 1 2 2 2 2
* 3 2 3 2 2 1 3 2 3 5 3 2 3 2
? 2 2 1 0 3 5 1 1 3 2 1 1 4 5
< 3 2 3 2 5 10 2 2 2 2 4 10 4 10
> 3 2 3 2 5 10 2 1 2 1 2 1 4 10
| 1 1 1 1 1 1 1 1 1 1 2 2 2 2
& 5 10 4 5 1 1 3 2 1 1 3 2 2 1
~ 4 10 4 5 2 2 1 0 1 0 2 1 2 1
' 1 1 1 1 1 1 1 0 1 0 2 2 2 2
` 2 1 2 2 1 1 1 0 1 0 1 1 1 0
( 2 1 2 1 3 2 1 1 1 1 4 10 2 1
[ 2 1 2 1 1 1 1 1 1 1 2 1 2 1
{ 3 2 3 2 3 5 2 2 2 2 4 10 4 5
- 0 0 1 1 1 1 1 0 1 0 1 1 1 1
_ 0 0 1 1 1 1 1 0 1 0 1 1 1 1
ç 2 1 2 2 5 21 1 1 2 2 2 2 4 5
@ 5 21 7 85 7 85 1 1 2 1 2 1 4 5
) 2 2 2 2 3 2 1 1 1 1 2 1 4 10
] 2 2 2 2 1 1 1 1 1 1 2 1 2 1
} 3 2 3 2 3 2 2 1 2 1 2 1 2 2
° 3 2 3 5 3 5 3 2 3 2 2 2 2 2
= 1 1 1 0 3 5 1 1 1 1 2 1 2 1
£ 3 2 3 2 3 5 2 2 1 1 5 10 4 5
$ 5 21 4 10 1 1 1 1 1 1 6 42 2 1
¤ 1 1 3 5 5 10 1 1 1 1 2 1 4 10
µ 3 5 1 1 3 2 3 5 2 1 2 1 3 5
% 6 21 6 42 3 2 4 5 4 10 4 5 4 5
§ 2 1 2 2 7 85 1 1 1 1 3 2 6 21
! 1 1 1 0 3 5 1 1 1 1 2 2 2 2
; 1 1 1 1 4 5 1 1 1 1 2 2 2 2
. 1 1 1 1 1 1 1 0 1 0 2 2 2 2
, 1 1 1 1 2 1 1 1 2 1 2 2 2 2
+ 3 2 3 2 1 1 3 2 3 2 4 10 2 1
€ 1 1 3 2 1 1 2 2 2 2 6 42 2 1
# 1 1 1 1 4 10 5 10 5 10 5 10 5 21
é 1 0 1 1 7 85 3 2 1 1 3 2 4 5
è 1 0 1 1 8 170 3 2 1 1 2 1 5 10
ç 2 1 2 2 5 21 1 1 3 2 2 2 4 5
à 1 0 2 2 8 170 3 2 1 1 4 5 3 2
ù 1 0 3 5 4 10 3 2 1 1 2 1 3 2
â 1 0 2 2 7 85 2 2 1 1 5 10 4 5
ê 1 0 1 1 7 85 2 2 1 1 3 2 6 21
û 1 0 3 5 3 5 2 2 1 1 3 2 4 5
î 1 0 3 2 3 5 1 1 3 2 2 2 2 1
ô 1 0 3 5 5 21 2 2 1 1 3 2 4 5
ä 3 2 3 5 6 42 4 10 1 1 4 5 2 1
ë 3 2 2 1 6 42 4 10 1 1 2 1 4 5
ö 3 2 3 5 4 10 3 5 1 1 2 1 2 1
ü 3 5 3 5 2 2 4 10 1 1 2 1 2 1
Ä 3 2 5 10 5 10 3 2 1 1 2 1 2 1
Ë 1 1 2 1 6 42 1 1 1 1 2 1 7 42
Ï 3 2 3 2 2 2 1 1 3 2 4 5 4 5
Ö 3 2 3 5 4 10 3 2 1 1 2 1 2 1
Ü 3 5 3 5 2 2 3 5 1 1 2 1 2 1
Â 3 2 5 10 6 21 3 2 1 1 3 2 4 5
0 3 5 3 5 3 5 1 1 1 1 2 1 2 1
1 3 2 3 2 1 1 2 1 1 1 3 2 2 1
2 2 2 3 2 5 21 1 1 1 1 4 5 4 5
3 2 2 2 2 5 21 1 1 1 1 4 5 2 1
4 3 2 1 1 2 2 3 2 3 2 4 10 2 1
5 3 2 2 2 5 21 2 2 1 1 4 5 2 1
6 2 1 3 5 5 21 2 1 1 1 2 1 2 1
7 3 2 3 2 3 5 1 1 3 2 1 1 3 5
8 3 5 3 5 5 21 1 1 1 1 2 1 2 1
9 3 5 2 2 5 21 1 1 2 2 4 5 2 1
ît 3 2 5 10 3 2 2 1 4 10 4 5 1 0
fi 2 1 3 5 2 1 1 1 3 5 2 1 3 2
ft 4 5 4 5 3 2 2 1 3 5 2 1 1 0
fh 4 5 5 21 1 1 2 1 5 21 2 1 3 2
fk 4 5 4 5 1 1 2 1 3 5 2 1 3 2
fl 3 5 3 5 2 1 1 1 3 5 2 1 2 1
ff 4 5 4 5 2 2 1 1 4 5 2 1 2 1
fb 4 5 5 21 1 1 2 1 3 5 2 1 3 2
fff 6 21 6 21 4 5 1 1 6 21 2 1 2 1
ffi 4 5 5 21 1 1 1 1 5 21 2 1 4 5
fft 6 21 6 21 4 5 2 1 5 21 2 1 1 0
ffh 6 21 7 85 2 1 2 1 7 85 2 1 2 1
ffk 6 21 6 21 2 1 2 1 5 21 2 1 2 1
ffl 5 21 5 21 1 1 1 1 5 21 2 1 2 1
ffb 6 21 7 85 2 1 2 1 5 21 2 1 2 1
ffff 8 85 8 85 2 2 1 1 8 85 2 1 2 1
fffi 6 21 7 85 2 1 1 1 7 85 2 1 2 1
ffft 8 85 8 85 2 2 2 1 7 85 2 1 2 1
fffh 8 85 9 341 1 1 2 1 9 341 2 1 2 1
fffk 8 85 8 85 1 1 2 1 7 85 2 1 2 1
fffl 7 85 7 85 2 1 1 1 7 85 2 1 2 1
fffb 8 85 9 341 1 1 2 1 7 85 2 1 2 1
A 5 10 1 1 4 5 3 2 3 5 3 2 2 1
B 3 5 3 5 5 21 1 1 1 1 2 1 2 1
C 2 1 2 1 3 5 1 1 1 1 2 1 2 1
D 3 5 3 5 3 5 2 1 2 1 2 1 2 1
E 2 1 2 1 5 21 1 1 1 1 2 1 4 5
F 2 1 2 1 4 5 1 1 2 1 2 1 3 5
G 2 1 3 5 3 5 1 1 1 1 2 1 2 1
H 3 5 3 5 3 2 3 5 3 5 2 1 2 1
I 3 2 3 2 1 1 1 1 1 1 2 1 2 1
J 2 2 2 2 3 5 2 2 1 1 3 2 2 1
K 2 1 2 1 5 10 3 5 3 5 2 1 4 5
L 2 1 2 1 2 2 2 1 1 1 2 1 3 2
M 3 5 3 5 3 2 3 5 3 5 2 1 2 1
N 3 5 3 5 3 2 3 5 3 5 2 1 2 1
O 3 5 3 5 3 5 1 1 1 1 2 1 2 1
P 3 5 2 1 4 5 1 1 2 1 2 1 3 5
Q 3 5 3 5 4 5 1 1 2 2 3 5 2 1
R 4 5 4 5 4 5 2 1 3 5 2 1 2 1
S 2 1 2 2 5 21 1 1 1 1 4 5 2 1
T 3 2 3 2 1 1 1 1 3 2 1 1 1 1
U 3 5 3 5 2 2 3 5 1 1 2 1 2 1
V 3 5 3 2 2 2 3 5 3 2 3 5 3 5
W 5 21 5 10 2 1 5 21 5 10 2 1 2 1
X 3 2 3 2 3 2 3 5 3 5 4 5 4 5
Y 3 2 3 2 2 2 3 5 3 2 3 5 3 5
Z 2 2 2 1 5 21 1 1 1 1 2 1 4 5
a 2 2 3 5 5 21 2 2 1 1 2 1 2 1
b 2 1 3 5 4 10 2 1 1 1 2 1 3 2
c 2 1 2 1 3 5 1 1 1 1 2 2 2 1
d 2 2 3 5 4 10 2 2 1 1 3 2 2 1
e 3 5 2 1 5 21 1 1 1 1 2 1 4 5
f 2 1 2 1 4 5 1 1 2 1 1 0 3 5
g 3 5 2 2 5 21 1 1 2 2 4 5 2 1
h 2 1 3 5 3 2 2 1 3 5 2 1 3 2
i 1 1 1 1 3 5 1 1 1 1 2 2 2 2
j 1 1 2 2 3 5 1 1 1 1 5 10 3 5
k 2 1 2 1 3 2 2 1 1 1 2 1 5 10
l 1 1 1 1 1 1 1 1 1 1 2 2 2 2
m 5 21 5 21 2 2 1 1 5 21 2 1 2 1
n 3 5 3 5 2 1 1 1 3 5 2 1 2 1
o 3 5 3 5 3 5 1 1 1 1 2 1 2 1
p 3 5 2 1 4 5 1 1 2 1 2 1 3 5
q 3 5 2 2 4 5 1 1 2 2 3 5 2 1
r 1 1 2 1 3 2 1 1 2 1 2 1 2 2
s 2 1 2 2 5 21 1 1 1 1 3 2 4 5
t 1 1 2 1 4 10 2 1 1 1 3 5 5 10
u 3 5 3 5 2 2 3 5 1 1 2 1 2 1
v 3 5 3 2 2 2 3 5 3 2 3 5 3 5
w 5 21 1 1 2 1 5 21 5 10 2 1 2 1
x 3 5 3 2 3 2 3 5 3 5 2 1 2 1
y 3 2 3 2 3 2 3 5 3 2 4 5 3 5
z 2 2 3 2 5 21 1 1 1 1 2 1 4 5
— 0 0 1 1 1 1 1 0 1 0 1 1 1 1
\\ 3 2 3 2 3 2 2 1 2 2 3 5 4 10
/ 3 2 3 2 3 2 2 2 2 1 3 2 4 10
: 1 1 1 0 3 5 1 1 1 1 2 2 2 2
* 5 21 5 21 1 1 3 2 3 2 2 2 2 2
< 3 2 3 2 5 10 2 2 2 2 4 10 4 5
> 3 2 3 2 5 10 2 1 2 1 2 1 6 42
& 4 5 4 5 6 42 2 1 1 1 2 1 3 2
~ 4 10 5 21 2 2 4 10 4 5 2 1 1 0
' 1 1 1 1 1 1 1 1 1 1 2 2 2 2
` 2 1 2 2 1 1 1 0 1 0 1 1 1 0
( 2 1 2 1 3 5 2 2 2 2 4 10 4 5
[ 2 1 2 1 3 5 1 1 1 1 2 1 2 1
- 0 0 1 1 1 1 1 0 1 0 1 1 1 1
_ 0 0 1 1 1 1 1 0 1 0 1 1 1 1
ç 2 1 2 2 5 21 1 1 3 2 2 2 4 5
@ 5 21 7 85 7 85 1 1 2 1 2 1 4 5
) 2 2 2 2 3 2 2 1 2 1 2 1 2 2
] 2 2 2 2 1 1 1 1 1 1 2 1 2 1
° 3 2 3 5 3 5 3 2 3 2 2 2 2 1
= 1 1 1 0 3 5 1 1 1 1 2 1 2 1
} 3 2 3 2 3 2 2 1 2 1 2 1 4 10
£ 3 2 3 2 5 21 2 2 1 1 1 0 6 21
$ 5 21 5 21 4 5 3 2 3 2 6 42 6 42
¤ 3 2 5 10 5 10 1 1 1 1 2 1 2 1
µ 3 5 1 1 3 2 3 5 2 1 2 1 3 5
% 6 21 6 42 3 2 4 5 4 10 3 5 3 2
§ 2 1 3 2 7 85 1 1 1 1 4 5 4 5
! 1 1 1 1 3 5 1 1 1 1 2 2 2 2
; 1 0 1 1 4 5 1 1 1 1 2 2 2 2
. 1 1 1 1 1 1 1 0 1 0 2 2 2 2
, 1 1 1 1 2 1 1 1 2 1 2 2 2 2
+ 3 2 3 2 1 1 3 2 3 2 4 10 4 10
€ 2 1 3 2 7 85 2 2 2 2 2 2 6 21
# 2 2 2 1 4 10 2 2 2 1 5 10 3 2
É 1 1 2 1 7 85 1 1 1 1 3 2 8 85
À 3 2 5 10 7 42 3 2 1 1 2 1 3 2
È 1 1 2 1 8 170 1 1 1 1 2 1 7 42
Ì 2 2 2 2 3 5 1 1 2 2 1 1 3 2
Ò 3 2 3 5 6 42 3 2 1 1 4 10 5 10
Ù 3 5 3 5 4 10 3 5 1 1 4 10 3 2
Ã 3 2 5 10 6 21 3 2 1 1 3 2 4 5
Õ 3 2 3 5 5 21 3 2 1 1 4 10 6 21
Â 3 2 5 10 6 21 3 2 1 1 3 2 4 5
Ê 1 1 2 1 7 85 1 1 1 1 3 2 6 21
Î 3 2 3 2 3 5 1 1 3 2 2 2 2 1
Ô 3 2 3 5 5 21 3 2 1 1 4 10 6 21
Û 3 5 3 5 3 5 1 1 1 1 4 10 4 5
Ä 3 2 5 10 5 10 4 10 1 1 4 5 4 5
Ë 2 1 2 1 6 42 1 1 2 1 4 5 6 21
. 1 1 1 1 1 1 1 0 1 0 2 2 2 2
I 1 1 1 1 1 1 1 1 1 1 2 2 2 2
. 1 1 1 1 1 1 1 0 1 0 2 2 2 2
Ö 3 2 3 5 4 10 3 2 1 1 5 21 6 21
Ü 3 5 3 5 2 2 3 5 1 1 5 21 4 5
é 1 0 1 1 8 170 2 2 1 1 3 2 6 21
à 1 0 3 5 8 170 3 2 1 1 4 5 3 2
è 1 0 1 1 8 170 3 2 1 1 2 1 5 10
ì 1 0 2 2 3 5 1 1 2 2 3 5 3 2
ò 1 0 3 5 6 42 3 2 1 1 2 1 3 2
ù 1 0 3 5 4 10 3 2 1 1 2 1 3 2
ã 1 0 3 5 7 85 2 2 1 1 5 10 4 5
õ 1 0 3 5 5 21 2 2 1 1 3 2 4 5
â 1 0 3 5 7 85 2 2 1 1 5 10 4 5
ê 1 0 1 1 7 85 2 2 1 1 3 2 6 21
î 1 0 3 2 3 5 1 1 3 2 4 10 2 1
ô 1 0 3 5 5 21 2 2 1 1 3 2 4 5
û 1 0 3 5 3 5 2 2 1 1 3 2 4 5
ä 1 0 3 5 6 42 3 5 1 1 6 21 4 5
ë 1 0 1 1 6 42 3 5 1 1 4 5 6 21
ï 1 0 2 2 2 2 2 1 2 2 3 5 3 2
. 1 1 1 1 1 1 1 0 1 0 2 2 2 2
ö 1 0 3 5 4 10 3 5 1 1 4 5 4 5
ü 1 0 3 5 2 2 3 5 1 1 4 5 4 5
0 3 5 3 5 3 5 1 1 1 1 2 2 2 1
1 1 1 2 2 1 1 1 1 2 2 4 10 2 1
2 2 2 3 2 5 21 1 1 1 1 4 5 4 5
3 2 2 2 2 5 21 1 1 1 1 4 5 2 1
4 3 2 1 1 5 10 3 2 3 2 4 10 2 1
5 2 1 2 2 5 21 1 1 1 1 4 5 2 1
6 3 2 3 5 5 21 3 2 1 1 3 2 2 1
7 3 2 3 2 4 5 1 1 3 2 2 1 3 5
8 3 5 3 5 5 21 1 1 1 1 2 1 2 1
9 3 5 3 2 4 5 1 1 3 2 4 5 3 5
fH 6 42 6 42 1 1 4 10 6 42 2 1 2 1
fP 6 42 5 10 1 1 2 2 5 10 2 1 3 5
fT 5 10 5 10 2 1 2 2 5 10 2 1 2 1
fY 7 42 5 10 2 1 4 10 5 10 2 1 2 1
fU 6 42 6 42 2 1 4 10 4 10 2 1 2 1
fS 5 10 4 10 5 10 2 2 4 10 2 1 4 5
fD 6 42 6 42 1 1 2 2 4 10 2 1 2 1
fV 7 42 7 42 2 1 4 10 5 10 2 1 2 1
fB 6 42 6 42 1 1 2 2 4 10 2 1 2 1
fN 6 42 6 42 2 2 4 10 6 42 2 1 3 5
fW 9 170 11 682 2 2 6 42 7 42 2 1 2 1
fX 7 42 5 10 3 5 4 10 6 42 2 1 2 1
fK 7 42 7 42 1 1 5 10 6 42 2 1 2 1
fL 5 10 5 10 1 1 3 2 4 10 2 1 2 1
ve 8 170 5 10 2 1 3 5 4 10 2 1 2 1
ows 13 5461 9 341 2 1 5 21 7 85 2 1 2 1
RD 7 85 7 85 2 2 3 5 3 5 2 1 2 1
ls 2 1 4 5 4 10 2 1 1 1 2 1 5 10
la 2 1 5 21 4 10 2 1 1 1 2 1 3 2
ow 10 341 8 85 3 2 5 21 6 21 2 1 2 1
_g 5 10 3 2 3 2 3 2 1 1 4 10 4 5
Ré 4 5 5 21 2 2 3 5 3 5 2 1 3 2
yi 3 5 4 10 3 2 3 5 4 10 5 10 5 21
wi 1 0 10 682 2 2 2 2 6 42 3 2 4 10
vi 1 0 6 42 3 2 2 2 4 10 4 10 4 5
lo 2 1 5 21 2 2 2 1 1 1 2 1 3 2
Re 4 5 5 21 2 2 2 1 3 5 2 1 3 2
ys 7 42 5 10 2 1 3 5 3 2 2 1 3 5
le 2 1 3 5 2 2 2 1 1 1 2 1 5 10
xa 6 42 6 42 3 5 5 21 3 5 2 1 2 1
xz 6 42 5 10 3 5 3 5 3 5 2 1 2 1
xe 8 170 5 10 3 5 3 5 3 5 2 1 2 1
xt 3 5 5 10 4 10 3 5 3 5 3 2 2 1
xy 7 42 6 21 2 1 3 5 3 2 3 5 2 1
xi 1 0 4 10 4 10 2 2 3 5 3 2 4 5
xo 8 170 6 42 3 5 3 5 3 5 2 1 2 1
xs 8 170 4 10 3 5 3 5 3 5 2 1 2 1
xf 3 2 5 10 4 10 2 2 4 5 3 2 2 1
xg 7 42 4 5 5 10 2 1 2 2 3 5 4 5
xk 3 2 5 10 1 1 3 2 3 5 3 2 2 1
xm 10 682 8 170 2 2 3 5 7 85 2 1 2 1
xw 11 682 7 42 3 2 7 85 8 85 2 1 2 1
xx 9 170 5 10 3 5 5 21 5 21 2 1 2 1
xc 8 170 5 10 3 5 3 5 3 5 2 1 2 1
xv 9 170 5 10 2 1 5 21 6 21 2 1 2 1
A 3 2 5 10 4 5 3 2 1 1 3 2 1 0
B 3 5 3 5 5 21 1 1 1 1 2 1 2 1
C 2 1 2 1 3 5 1 1 1 1 2 2 4 5
D 3 5 3 5 3 5 1 1 1 1 2 1 2 1
E 2 1 2 1 5 21 1 1 1 1 2 1 4 5
F 2 1 2 1 4 5 1 1 2 1 2 1 3 5
G 2 1 3 5 3 5 1 1 1 1 2 2 4 5
H 3 5 3 5 3 2 3 5 3 5 2 1 4 10
I 1 1 1 1 1 1 1 1 1 1 2 2 2 2
J 2 2 2 2 2 2 2 2 1 1 3 2 2 1
K 4 5 4 5 5 10 4 5 3 5 2 1 5 21
L 2 1 2 1 2 2 2 1 1 1 2 1 3 2
M 5 10 7 85 2 2 5 10 5 21 2 1 2 1
N 3 5 3 5 3 2 3 5 3 5 2 1 4 10
O 3 5 3 5 3 5 1 1 1 1 2 2 4 5
P 3 5 2 1 4 5 1 1 2 1 2 1 3 5
Q 4 5 4 5 4 5 2 1 2 2 3 5 3 2
R 4 5 4 5 4 5 2 1 3 5 2 1 3 5
S 2 1 2 2 5 21 1 1 1 1 4 5 4 5
T 3 2 3 2 1 1 1 1 3 2 1 1 2 1
U 3 5 3 5 2 2 3 5 1 1 3 5 3 2
V 5 10 5 10 2 2 3 5 3 2 3 5 3 5
W 7 42 9 170 2 1 5 21 5 10 2 1 3 2
X 5 10 3 2 3 2 3 5 3 5 4 5 2 2
Y 5 10 3 2 2 2 3 5 3 2 3 5 1 0
Z 3 2 3 2 5 21 1 1 1 1 2 1 4 5
a 2 2 3 5 5 21 2 2 1 1 2 1 2 1
b 2 1 3 5 4 10 2 1 1 1 2 1 3 2
c 3 5 2 1 3 5 1 1 1 1 2 1 4 5
d 2 2 3 5 4 10 2 2 1 1 3 2 2 1
e 3 5 2 1 5 21 1 1 1 1 2 1 4 5
f 3 2 3 2 1 1 2 2 3 2 4 10 2 1
g 4 5 2 1 7 85 2 1 1 1 2 1 4 5
h 2 1 3 5 3 2 2 1 3 5 2 1 3 2
i 1 0 2 2 3 5 2 2 2 2 4 10 4 5
j 2 2 2 2 3 5 2 2 1 1 3 2 4 5
k 2 1 2 1 3 2 2 1 3 5 2 1 5 10
l 2 1 2 1 1 1 2 1 1 1 3 5 3 2
m 5 21 5 21 2 2 1 1 5 21 2 1 2 1
n 3 5 3 5 2 1 1 1 3 5 2 1 2 1
o 3 5 3 5 3 5 1 1 1 1 2 1 2 1
p 3 5 2 1 4 5 1 1 2 1 2 1 3 5
q 3 5 2 2 4 5 1 1 2 2 3 5 2 1
r 3 5 2 1 2 1 1 1 2 1 2 1 1 1
s 3 5 2 2 5 21 1 1 1 1 4 10 4 5
t 1 1 3 2 1 1 1 1 2 2 4 10 2 1
u 3 5 3 5 2 2 3 5 1 1 2 1 2 1
v 5 10 3 2 2 2 3 5 3 2 3 5 3 5
w 7 42 5 10 2 1 5 21 5 10 3 5 1 0
x 5 10 3 2 3 2 3 5 3 5 4 5 2 1
y 5 10 3 2 3 2 3 5 3 2 4 5 3 5
z 2 2 3 2 5 21 1 1 1 1 2 1 4 5
\\ 3 2 3 2 3 2 2 1 2 2 1 1 4 10
/ 3 2 3 2 3 2 2 2 2 1 3 2 4 10
: 1 1 1 0 3 5 1 1 1 1 2 2 2 2
* 1 1 3 2 2 1 3 2 5 10 1 0 1 0
? 2 2 3 2 5 21 1 1 3 2 3 5 4 5
< 3 2 3 2 5 10 2 2 2 2 2 2 4 5
> 3 2 3 2 5 10 2 1 2 1 2 1 4 10
| 1 1 1 1 1 1 1 1 1 1 2 2 2 2
& 4 5 4 5 3 5 2 1 1 1 2 1 2 1
~ 3 5 3 5 2 2 1 0 1 0 2 1 1 0
' 1 1 1 1 1 1 1 1 1 1 2 2 2 2
` 2 1 2 2 1 1 1 0 1 0 1 1 1 0
( 2 1 2 1 3 2 1 1 1 1 4 10 4 5
[ 2 1 2 1 3 5 1 1 1 1 2 1 2 1
{ 3 2 3 2 3 5 2 2 2 2 4 10 4 5
- 0 0 1 1 1 1 1 0 1 0 1 1 1 1
_ 0 0 1 1 1 1 1 0 1 0 1 1 1 1
ç 2 1 3 2 3 5 1 1 3 2 3 5 5 21
@ 5 21 7 85 5 21 1 1 2 1 2 2 4 5
) 2 2 2 2 3 2 1 1 1 1 4 5 4 10
] 2 2 2 2 1 1 1 1 1 1 2 1 2 1
} 3 2 3 2 3 5 2 1 2 1 2 1 4 5
° 1 1 3 5 3 5 1 1 1 1 2 1 2 1
= 1 1 1 0 3 5 1 1 1 1 2 1 2 1
£ 3 2 3 2 5 21 2 2 1 1 1 0 4 5
$ 2 1 2 2 7 42 1 1 1 1 4 10 4 10
¤ 5 10 3 5 3 5 1 1 1 1 2 1 2 1
µ 3 5 1 1 3 2 3 5 2 1 2 1 3 5
% 6 21 6 42 3 2 4 5 4 10 4 5 4 5
§ 2 1 2 2 7 85 1 1 1 1 5 10 6 21
! 1 1 1 1 3 5 1 1 1 1 2 2 2 2
; 1 0 1 1 4 5 1 1 1 1 2 2 2 2
. 1 1 1 1 1 1 1 0 1 0 2 2 2 2
, 1 1 2 2 2 1 1 1 2 1 2 2 2 2
+ 3 2 3 2 1 1 3 2 3 2 4 10 2 1
€ 3 2 2 1 7 85 2 2 2 2 4 10 6 21
# 5 10 2 1 7 85 4 10 4 5 5 10 4 10
