| 2 1 1 4
Ꙁ 4 2 1 4
, 4 4 1 6
ꙃ 4 4 4 4
' 6 2 1 1
E 4 2 1 2
e 4 4 2 2
K 4 2 1 2
А 4 2 1 2
а 4 4 2 2
б 2 1 1 2
Б 4 2 1 2
В 4 2 1 2
в 4 4 2 2
Г 4 2 1 2
г 4 4 2 2
Д 4 2 1 4
Є 4 2 1 2
є 4 4 2 2
Ё 1 1 1 2
ё 2 1 1 2
Ж 4 2 1 2
ж 4 4 2 2
З 4 2 1 2
з 4 4 2 2
Ѕ 4 2 1 2
ѕ 4 4 2 2
И 4 2 1 2
и 4 4 2 2
І 4 2 1 2
і 4 6 1 2
Ї 1 1 1 2
ї 4 6 1 2
Й 1 1 1 2
й 2 1 1 2
К 4 2 1 2
к 4 4 2 2
Л 4 2 1 2
л 4 4 2 2
М 4 2 1 2
м 4 4 2 2
Н 4 2 1 2
н 4 4 2 2
О 4 2 1 2
о 4 4 2 2
П 4 2 1 2
п 4 4 2 2
Р 4 2 1 2
р 4 4 1 4
С 4 2 1 2
с 4 4 2 2
Т 4 2 1 2
т 4 4 2 2
У 4 2 1 2
ф 2 1 1 4
Ф 4 2 1 2
Х 4 2 1 2
х 4 4 2 2
Ц 4 2 1 4
Ч 4 2 1 2
ч 4 4 2 2 
Ш 4 2 1 2
ш 4 4 2 2
Щ 4 2 1 4
Ъ 4 2 1 2
ъ 4 4 2 2
Ь 4 2 1 2
ь 4 4 2 2
Э 4 2 1 2
э 4 4 2 2
Ю 4 2 1 2
ю 4 4 2 2
Я 4 2 1 2
я 4 4 2 2
