199
50 50 50 50 50 50 50 100 66 100 75 66 100 50 62 87 100 100 18 100 50 22 18 45 100 40 50 28 92 28 50 64 78 50 14 30 40 47 56 65 60 43 56 34 30 47 14 33 55 100 14 100 30 57 35 28 92 92 85 92 57 71 14 85 14 25 10 30 8 39 65 56 30 69 39 30 39 56 8 18 33 18 50 40 75 62 91 95 41 45 95 95 41 58 20 91 38 50 26 47 44 70 70 79 76 55 50 47 76 35 70 79 47 41 15 75 60 45 30 75 15 57 36 17 100 37 29 33 83 95 37 20 20 30 35 32 97 94 79 35 97 55 94 37 67 22 30 37 45 20 17 75 70 7 67 71 41 30 63 50 47 88 47 60 56 30 48 46 30 30 48 50 39 70 56 46 73 16 60 37 48 100 63 45 46 42 84 22 30 37 69 18 34 47 100 52 29 54 23 
50 50 50 50 50 50 50 100 66 100 75 66 100 50 62 87 100 100 18 100 50 22 18 45 100 33 50 25 87 25 50 62 75 50 12 41 41 42 50 57 50 42 50 42 28 42 12 31 62 100 12 100 33 50 37 25 87 87 75 87 62 75 12 75 12 25 8 42 7 35 57 50 28 64 35 28 35 50 7 18 31 18 50 44 60 60 80 90 40 50 90 90 50 60 30 80 50 50 28 50 50 71 71 78 71 57 50 50 71 42 71 78 50 50 11 64 58 41 35 64 11 56 42 26 100 33 30 40 80 90 40 15 23 38 42 35 92 85 71 42 92 64 85 29 52 23 29 29 41 23 23 64 58 5 52 73 42 27 59 50 40 80 50 62 56 31 50 55 30 30 50 54 36 60 56 55 65 20 45 38 50 100 60 50 43 50 75 23 23 32 62 23 38 45 100 56 30 45 26 
0 0 0 0 0 0 0 0 0 0 0 0 0 0 0 0 0 0 0 0 0 55 11 11 0 0 37 25 50 62 37 37 50 50 25 75 50 33 50 41 33 33 41 25 50 50 42 28 42 57 57 0 25 20 50 60 60 60 60 60 60 60 30 40 40 50 41 33 40 33 26 26 40 46 40 40 33 40 20 15 47 57 0 40 31 50 68 68 50 68 75 75 81 68 50 62 50 38 55 66 44 55 66 66 55 66 38 72 50 83 55 55 72 33 18 40 54 27 36 40 36 66 46 42 0 50 21 57 57 78 50 26 26 26 45 50 65 55 40 55 60 65 50 36 20 48 44 16 28 36 28 36 28 20 28 31 34 29 23 66 44 77 61 54 59 68 59 53 33 36 56 47 33 36 70 48 35 23 33 36 52 0 66 70 34 75 53 50 25 36 55 36 29 58 0 66 40 25 20 
0 0 0 0 0 0 0 0 0 0 0 0 0 0 0 0 0 0 0 0 0 55 11 11 0 0 37 25 62 62 37 37 37 50 37 62 37 33 50 33 33 50 41 50 50 25 42 50 42 57 57 0 25 20 40 60 40 60 80 100 50 50 30 40 50 25 50 33 26 26 46 26 26 53 46 26 46 40 26 57 47 15 0 40 43 37 75 75 50 50 50 75 75 68 50 62 50 50 61 50 77 55 66 50 55 44 33 50 72 83 50 50 55 55 18 45 50 27 50 27 36 41 38 42 0 50 50 57 57 78 28 26 26 26 55 50 65 60 85 65 35 45 50 36 40 24 28 16 20 36 40 36 60 20 28 58 27 29 44 66 38 77 38 54 68 36 36 73 33 20 40 47 38 36 53 53 35 30 33 36 58 0 58 70 28 75 53 27 25 30 50 36 17 47 0 28 50 31 22 
100 100 66 100 50 100 100 100 50 100 100 100 100 50 100 100 100 100 100 50 66 100 42 42 50 33 33 50 50 50 50 50 50 50 66 66 33 50 33 33 33 50 50 66 66 66 66 33 66 83 83 50 25 33 22 55 22 33 44 44 66 66 77 55 66 50 60 40 50 40 40 30 10 50 40 40 40 40 50 18 63 18 50 50 60 50 70 50 40 40 40 60 70 70 100 60 40 50 50 40 40 40 40 40 40 70 20 20 40 60 50 50 50 70 30 40 50 30 20 20 30 40 40 70 50 70 38 53 46 61 53 38 23 38 42 64 50 57 50 42 28 42 50 42 42 35 35 21 21 28 14 14 28 71 50 33 13 37 25 50 42 71 57 62 62 50 56 43 25 43 31 50 37 29 65 50 10 25 30 42 52 50 62 62 33 66 66 27 27 35 59 27 45 56 50 41 44 28 42 
100 100 83 100 50 100 100 100 50 100 100 100 100 50 100 100 100 100 100 50 66 100 48 48 50 40 37 56 56 50 56 56 56 56 75 63 36 50 36 36 36 54 54 72 72 72 64 35 64 85 85 50 23 40 18 50 27 31 40 40 68 68 81 68 77 59 71 37 40 37 43 37 12 53 46 50 50 50 62 13 53 13 50 42 62 54 75 62 41 33 50 58 66 70 100 75 32 50 50 47 47 47 47 47 47 73 23 23 47 61 58 58 58 76 35 47 55 35 23 23 29 45 34 65 50 82 40 46 46 60 46 36 20 36 38 65 56 65 45 45 36 47 63 36 47 34 34 27 27 27 18 18 31 77 63 37 16 28 29 50 44 70 52 52 64 46 52 34 28 44 36 42 40 30 65 46 13 26 30 43 58 50 60 60 31 62 62 27 32 32 58 26 50 53 50 39 46 34 48 
100 100 100 100 66 114 100 100 100 100 114 100 100 80 72 114 100 100 100 100 100 100 100 100 100 100 123 100 100 100 109 116 100 106 133 94 80 93 100 100 100 92 100 127 100 120 100 84 100 100 100 100 88 100 85 100 100 120 100 100 105 111 140 120 120 105 115 87 85 87 70 100 57 70 117 82 117 100 133 100 100 100 100 100 114 100 104 100 100 81 114 107 100 103 125 107 81 85 80 89 100 104 100 110 100 104 88 78 106 100 108 112 90 120 100 111 89 100 114 100 100 100 100 100 100 100 123 100 109 106 100 100 100 100 100 103 100 105 109 123 114 103 108 100 105 80 88 100 100 100 123 100 100 142 123 77 86 100 83 100 109 94 91 100 91 91 86 100 80 82 100 90 85 75 111 105 100 122 80 100 93 100 105 100 88 100 92 100 100 90 103 100 139 105 100 100 109 102 133 
100 100 100 100 100 100 100 100 133 100 85 100 100 160 90 100 100 169 30 100 100 100 57 142 100 100 92 80 114 66 109 116 114 80 44 94 93 94 100 111 100 114 128 116 66 100 72 70 127 169 30 100 100 100 66 100 127 100 100 100 128 133 100 100 28 62 22 133 66 87 105 128 62 100 70 66 70 85 33 100 100 100 100 100 114 100 104 107 100 72 123 100 91 88 100 100 145 104 64 82 100 128 100 117 100 104 111 71 86 87 133 136 77 140 80 118 90 115 75 122 66 100 100 88 100 100 90 100 100 100 85 109 100 90 100 83 116 103 100 86 125 113 100 100 122 77 84 100 100 100 76 100 100 100 100 100 108 100 103 100 90 100 83 100 102 74 80 100 100 85 110 100 106 100 97 100 100 82 100 100 102 100 105 100 88 100 100 100 83 83 90 100 113 93 100 100 70 105 100 
50 50 50 50 25 62 50 50 50 50 62 50 50 43 31 62 50 50 50 50 50 50 50 50 50 50 62 50 50 50 54 58 50 54 62 46 40 46 50 50 50 46 50 59 50 59 50 42 50 50 50 50 45 50 43 50 50 60 50 50 53 56 63 60 60 52 57 45 45 45 37 50 35 35 57 42 57 50 60 50 50 50 50 50 55 50 52 50 50 38 58 55 50 52 61 55 41 43 39 43 50 52 50 56 50 52 45 37 54 50 54 56 43 58 50 54 43 50 54 50 50 50 50 50 50 50 57 50 54 54 50 50 50 50 50 51 50 53 55 60 57 51 55 50 51 42 46 50 50 50 55 50 50 60 58 40 45 50 44 50 54 45 45 50 45 45 43 50 43 45 50 45 45 38 56 52 50 55 41 50 46 50 53 50 46 50 45 50 50 47 52 50 60 52 50 50 53 50 58 
50 50 50 50 50 50 50 50 66 50 37 50 50 68 43 50 50 90 9 50 50 50 36 63 50 50 45 41 58 33 54 58 58 37 29 46 46 47 50 55 50 55 61 55 33 50 36 36 63 90 9 50 50 50 33 50 62 50 50 50 66 70 50 50 8 31 6 63 44 44 52 61 33 50 36 33 36 41 27 50 50 50 50 50 55 50 52 55 50 33 63 50 44 41 50 50 70 52 31 39 50 64 50 60 50 52 54 33 41 41 66 68 35 66 44 57 44 55 42 57 38 50 50 45 50 50 47 50 50 50 44 52 50 47 50 41 60 52 50 43 64 58 50 50 57 42 44 50 50 50 44 50 50 50 50 50 53 50 51 50 45 50 41 50 51 35 40 50 50 45 55 50 52 50 48 50 50 45 50 50 51 50 53 50 46 50 50 50 44 44 45 50 53 47 50 50 37 51 50 
100 100 100 100 66 111 100 100 100 100 120 100 100 87 93 117 100 100 100 100 100 100 100 100 100 100 107 100 107 100 104 107 96 103 142 90 80 88 100 100 100 90 100 137 100 114 100 86 100 100 100 100 83 100 66 100 114 111 100 100 102 105 150 127 127 114 123 91 76 80 76 100 52 79 135 88 136 100 144 100 100 100 100 100 120 100 105 103 100 71 123 104 100 101 133 111 79 92 81 87 97 101 100 112 100 100 97 68 114 100 103 104 88 128 100 116 87 100 114 117 100 100 100 100 100 100 130 100 111 105 90 100 100 100 100 111 103 109 113 125 125 111 113 100 107 84 88 100 100 100 117 100 100 154 133 79 90 100 77 100 104 92 87 100 95 86 82 100 83 88 105 87 90 66 122 106 98 130 71 100 96 100 102 100 100 100 88 100 100 96 101 100 148 113 100 100 112 104 138 
100 100 100 100 100 100 100 100 133 100 85 100 100 160 90 100 100 169 30 100 100 100 57 142 100 100 90 75 121 60 112 122 118 75 37 90 86 92 100 113 100 114 136 120 60 100 68 66 131 169 30 100 100 100 60 100 130 100 100 100 126 133 100 100 28 63 22 122 66 84 106 136 57 100 66 60 66 83 27 100 100 100 100 100 140 100 121 114 100 66 126 100 78 84 100 100 136 109 69 78 100 133 100 121 100 114 102 66 86 72 138 142 71 143 72 134 91 123 77 125 55 100 100 82 100 100 86 100 100 100 104 114 100 85 95 87 135 122 100 87 128 100 100 100 150 96 106 100 100 100 75 100 100 100 100 100 96 100 102 100 91 100 101 100 109 68 103 100 100 114 100 100 116 100 98 98 100 77 100 94 110 100 97 100 100 100 100 100 82 95 94 100 107 98 100 100 67 102 94 
50 50 50 50 25 60 50 50 50 50 66 50 50 45 45 65 50 50 50 50 50 50 50 50 50 50 54 50 54 50 52 54 47 52 68 43 41 45 50 50 50 45 50 65 50 57 50 43 50 50 50 50 43 50 35 50 55 55 50 50 51 53 70 65 65 57 62 47 40 42 40 50 32 40 64 44 65 50 66 50 50 50 50 50 58 50 54 52 50 33 62 52 50 51 66 58 41 46 40 42 48 50 50 57 50 50 49 32 58 50 51 52 42 63 50 56 42 50 54 55 50 50 50 50 50 50 59 50 55 53 46 50 50 50 50 55 52 55 56 61 61 55 58 50 52 44 45 50 50 50 54 50 50 67 64 41 47 50 42 50 52 43 43 50 47 42 41 50 45 46 52 45 46 33 62 52 49 57 36 50 48 50 51 50 50 50 42 50 50 49 50 50 63 56 50 50 55 51 60 
50 50 50 50 50 50 50 50 66 50 37 50 50 68 43 50 50 90 9 50 50 50 36 63 50 50 44 38 63 27 55 61 61 33 22 45 43 46 50 57 50 55 64 55 27 50 36 33 63 90 9 50 50 50 27 50 66 50 50 50 63 69 50 50 8 33 6 57 44 42 53 64 27 50 31 27 31 38 20 50 50 50 50 50 66 50 65 61 50 27 68 50 34 37 50 50 64 54 36 36 50 67 50 63 50 57 51 28 39 31 69 72 30 64 41 65 44 58 43 61 32 50 50 45 50 50 45 50 50 50 51 53 50 46 47 44 72 65 50 44 68 50 50 50 68 49 51 50 50 50 44 50 50 50 50 50 48 50 51 50 45 50 50 50 55 33 51 50 50 53 50 50 55 50 49 49 50 44 50 47 55 50 48 50 50 50 50 50 42 48 46 50 51 49 50 50 36 51 48 
33 25 14 14 10 10 10 50 40 40 33 25 25 20 20 20 20 15 15 75 60 25 21 21 80 50 40 40 40 40 40 40 40 40 40 33 33 30 30 30 30 30 30 30 30 30 26 26 26 26 26 83 55 45 45 45 45 45 45 45 45 45 45 45 45 38 38 35 35 35 35 35 35 35 35 35 35 35 35 31 31 31 75 54 50 50 50 50 50 50 50 50 50 50 50 50 42 42 42 42 42 42 42 42 42 42 42 42 42 42 42 42 42 42 40 40 40 40 40 40 40 37 35 35 87 63 53 53 53 53 53 50 50 50 46 46 46 46 46 46 46 46 46 43 43 43 43 43 43 43 43 43 43 43 43 38 38 36 36 72 57 57 57 50 50 50 50 47 47 47 44 42 42 60 52 50 50 50 50 47 47 90 62 62 55 55 55 52 52 47 57 55 55 52 92 60 68 59 60 
100 100 100 100 66 114 100 100 100 100 133 100 100 100 133 100 100 100 100 100 100 100 100 100 100 100 80 100 100 100 100 100 100 100 160 80 80 120 100 80 100 85 100 133 100 114 100 66 100 100 100 100 57 100 66 100 100 120 100 100 109 109 140 142 133 111 133 114 76 114 88 100 40 100 133 100 133 100 166 100 100 100 100 100 133 100 107 83 100 88 100 120 107 116 125 120 88 111 76 100 72 100 100 100 100 127 80 57 100 100 100 100 100 107 100 133 111 100 66 133 100 100 100 100 100 100 125 100 100 114 107 100 100 100 100 105 93 114 127 92 114 109 127 100 109 83 90 100 100 100 57 100 100 142 155 100 66 100 88 100 100 90 100 100 125 88 100 100 100 100 111 100 120 62 130 105 40 100 66 100 122 100 100 100 120 100 85 100 100 116 100 100 153 121 100 100 100 100 146 
100 100 100 100 100 100 100 100 133 100 85 100 100 160 90 100 100 169 30 100 100 100 57 142 100 100 88 66 127 40 114 125 120 72 28 90 83 92 100 114 100 120 140 150 57 100 33 66 166 177 22 100 100 100 60 100 127 100 100 100 125 133 100 100 22 54 15 109 66 83 114 140 57 105 66 57 66 82 20 100 100 100 100 100 133 100 123 120 100 71 120 100 71 80 100 100 127 107 66 77 116 153 100 122 100 133 100 70 90 60 142 146 70 175 57 129 90 127 92 122 28 100 100 111 100 100 85 100 100 100 114 57 100 142 100 76 144 126 90 100 123 94 100 100 138 100 111 100 100 100 88 100 100 100 100 116 94 100 118 100 66 100 125 100 105 58 123 100 100 120 85 100 106 100 85 100 100 80 100 100 105 100 80 100 100 100 100 100 52 80 83 100 133 78 100 100 66 90 120 
100 100 100 100 66 111 100 100 100 100 133 100 100 100 133 100 100 100 100 100 100 100 100 100 100 100 80 100 105 100 100 100 100 100 160 77 80 115 100 80 100 85 100 139 100 114 100 66 100 100 100 100 60 100 50 100 120 107 100 100 103 103 150 142 136 118 135 114 66 100 100 100 40 109 150 100 152 100 166 100 100 100 100 100 136 100 109 96 100 69 120 107 103 106 133 120 84 117 73 100 76 100 100 100 100 121 100 57 114 100 100 100 100 118 100 133 108 100 76 133 100 100 100 100 100 100 133 100 103 109 96 100 100 100 100 107 102 116 129 102 128 120 127 100 110 81 83 100 100 100 72 100 100 154 155 115 83 100 95 100 100 88 94 100 123 85 94 100 107 100 120 100 125 57 141 103 55 110 60 98 123 100 100 100 133 100 81 100 100 128 100 100 151 133 100 100 105 103 146 
100 100 100 100 100 100 100 100 133 100 85 100 100 160 90 100 100 169 30 100 100 100 57 142 100 100 87 66 130 44 116 128 122 70 28 85 80 91 100 115 100 117 144 145 53 100 42 64 157 174 25 100 100 100 55 100 130 100 100 100 123 133 100 100 25 58 18 100 66 81 111 144 53 103 64 53 64 81 20 100 100 100 100 100 156 100 141 124 100 64 124 100 60 75 100 100 113 106 72 74 111 154 100 125 100 140 91 65 89 52 145 150 65 164 57 146 90 133 88 125 32 100 100 100 100 100 82 100 100 100 128 80 100 120 92 81 157 142 94 100 126 84 100 100 163 120 133 100 100 100 82 100 100 100 100 110 82 100 110 100 71 100 133 100 109 58 141 100 100 144 77 100 112 100 84 98 100 68 100 95 109 100 81 100 95 100 100 100 60 84 85 100 133 77 100 100 65 91 122 
100 100 66 100 77 88 100 100 50 100 87 66 100 31 68 87 100 59 59 100 66 48 33 33 100 50 54 41 58 50 45 50 58 62 37 59 46 47 50 50 50 38 38 33 50 44 50 45 50 59 59 100 45 46 46 33 40 50 53 60 56 60 33 50 50 47 47 40 33 42 44 37 40 51 42 46 42 53 28 20 45 20 50 53 38 55 69 72 44 61 58 72 66 75 44 72 45 43 52 60 50 52 66 60 66 52 37 58 62 66 50 52 64 41 27 40 61 35 29 33 33 56 45 37 100 50 30 42 52 71 38 26 26 26 46 51 60 60 55 46 50 55 62 42 33 33 34 31 39 26 23 36 42 23 36 46 32 33 36 50 45 79 50 62 57 54 46 52 30 29 50 52 34 44 59 51 39 24 40 44 52 100 63 60 33 60 65 28 34 32 59 27 26 51 100 45 42 33 23 
1 1 2 1 2 2 1 1 0 1 1 2 1 0 2 2 1 2 2 1 0 2 0 0 1 0 1 0 0 0 0 0 0 0 1 1 1 0 0 0 0 1 0 1 3 1 0 3 0 2 2 1 0 0 0 0 0 1 0 0 0 0 1 1 1 0 1 1 1 0 0 0 0 0 0 0 0 0 1 0 0 0 0 0 0 0 0 0 0 0 0 1 0 0 1 1 1 1 1 0 1 0 0 0 0 0 1 0 1 0 0 0 0 1 0 0 0 0 0 0 0 0 0 0 1 2 0 0 0 0 0 0 1 0 2 0 0 0 0 0 0 1 1 0 0 0 0 0 0 0 0 1 0 1 1 0 1 0 0 0 0 1 0 0 1 0 0 0 0 0 1 0 1 1 1 0 0 0 1 0 1 1 0 0 1 0 1 0 0 1 0 0 0 1 1 0 0 0 0 
1 1 0 1 0 0 1 1 0 1 1 0 1 0 0 0 1 1 1 1 1 1 0 0 1 0 0 0 1 1 0 0 0 1 1 1 0 0 0 0 0 0 0 0 1 0 0 0 0 1 1 1 0 0 1 0 1 2 2 2 1 1 1 2 1 0 1 1 1 0 0 0 1 0 1 1 1 1 1 0 1 0 0 1 1 0 2 2 0 1 1 2 1 2 1 2 1 0 1 1 0 1 2 1 2 0 0 1 1 1 1 1 1 0 0 1 0 0 0 1 1 0 0 0 1 0 0 1 2 2 1 0 1 0 0 0 1 2 2 0 1 1 2 1 1 1 1 0 0 0 0 2 2 1 2 0 0 1 0 0 1 3 1 1 1 1 1 0 0 1 1 1 0 3 1 0 2 0 3 0 1 1 3 1 0 1 3 0 1 0 3 1 0 1 1 0 0 2 1 
1 1 1 1 0 1 0 1 1 1 0 1 0 1 1 1 1 1 1 1 1 1 1 1 0 1 0 1 1 1 0 1 1 1 1 1 1 3 0 1 0 1 1 1 1 1 1 1 1 1 1 1 0 1 0 1 0 1 1 1 1 1 1 1 1 3 0 1 0 1 1 1 1 1 1 1 1 1 1 3 0 1 0 1 1 1 1 1 1 1 1 1 1 1 0 1 0 1 1 1 1 1 0 1 0 1 1 1 0 1 0 1 0 2 0 2 0 2 1 2 1 2 0 1 0 1 1 1 1 1 1 1 1 1 1 1 0 1 0 1 1 1 1 1 1 1 1 2 1 2 0 1 0 1 1 1 0 1 1 1 1 1 1 3 0 1 0 1 1 1 1 1 1 1 1 1 1 1 0 1 0 1 0 1 0 2 0 2 1 1 1 4 0 1 0 1 0 1 1 1 1 1 1 1 1 4 0 1 0 1 1 1 1 1 1 1 1 1 1 3 0 1 0 1 1 1 1 1 1 1 1 1 1 1 0 1 0 1 0 2 0 2 1 1 1 1 1 1 0 1 0 1 1 2 1 2 1 1 1 1 1 3 0 1 0 1 0 0 1 1 0 1 0 1 1 1 1 1 1 1 1 2 0 2 0 1 0 1 1 1 1 2 0 2 0 3 0 3 1 1 1 1 1 1 1 3 1 3 1 2 1 2 0 2 0 2 0 5 0 3 1 3 0 2 0 2 1 2 1 2 0 5 1 3 0 3 0 0 1 1 0 1 0 1 1 1 1 1 1 1 0 3 1 3 0 3 0 3 1 3 0 3 0 3 1 3 1 2 1 1 1 1 1 5 0 3 0 4 1 2 1 2 1 1 1 1 1 3 0 3 1 3 1 3 0 2 1 1 1 3 1 4 0 4 1 1 1 4 1 2 1 3 1 3 0 5 1 1 1 3 0 2 0 2 1 1 1 1 1 5 1 3 0 5 0 2 0 2 1 1 1 1 1 5 1 3 0 3 0 2 1 3 1 1 1 1 1 5 1 4 0 2 1 3 1 3 1 1 1 1 1 5 1 1 0 5 1 2 1 2 1 1 1 2 1 2 1 1 1 2 0 3 0 3 1 2 1 1 1 1 0 4 0 2 0 3 1 2 1 4 1 1 1 7 1 4 0 4 1 2 1 3 1 1 1 1 1 5 0 3 1 4 1 3 1 3 1 1 1 1 1 5 0 5 0 5 1 3 0 2 1 1 1 1 1 5 0 4 0 3 1 3 1 3 1 1 1 1 1 3 0 3 0 3 0 2 0 3 1 1 1 1 1 5 1 3 0 4 0 2 0 2 1 1 1 1 1 5 1 3 0 5 0 3 0 3 1 1 0 3 1 4 1 2 1 2 1 2 1 2 1 1 1 1 1 5 1 1 1 5 1 2 0 2 1 1 1 1 1 5 1 3 1 4 1 2 1 2 0 2 0 2 1 3 0 3 1 3 1 2 1 2 1 1 1 1 0 6 0 2 1 7 0 2 0 2 1 2 1 2 0 3 1 3 0 3 0 2 0 2 1 1 1 1 1 1 1 3 1 1 1 2 1 2 1 1 1 1 1 3 1 1 1 3 0 0 1 1 0 1 0 1 1 1 1 1 1 1 0 3 0 3 0 3 0 5 1 2 0 3 0 3 1 3 1 3 1 1 1 1 1 3 0 3 0 3 1 2 1 3 1 2 1 1 0 4 1 1 0 3 0 5 0 3 1 3 1 3 0 3 1 3 1 3 1 3 0 2 1 3 0 2 0 3 1 2 1 1 1 3 1 3 1 3 1 3 0 3 1 1 1 1 1 3 1 5 1 3 1 3 0 3 1 1 1 1 1 3 1 3 1 3 1 3 0 3 1 1 1 1 0 2 0 2 1 1 1 1 1 5 1 3 0 5 0 2 0 2 1 1 1 1 1 5 1 3 0 3 0 3 0 3 1 1 0 3 1 1 1 2 1 2 1 3 1 3 1 1 1 3 1 2 1 1 1 1 1 2 1 2 1 1 1 2 1 2 1 1 1 2 1 2 0 2 1 1 0 3 1 5 0 3 1 4 1 2 1 2 1 1 1 2 1 2 1 1 1 2 0 3 1 4 0 3 1 1 0 5 0 3 0 3 0 3 0 3 1 2 1 1 1 1 0 4 0 2 1 2 1 3 1 2 1 1 1 5 0 3 0 3 0 1 1 5 0 2 1 3 0 5 0 2 1 3 0 2 0 2 1 1 1 1 1 5 0 5 0 5 1 2 1 3 1 2 1 1 0 4 1 1 0 3 0 1 1 3 1 1 1 3 0 5 1 3 1 3 1 3 1 2 1 1 1 2 1 4 1 1 0 3 1 2 1 3 1 2 1 1 1 5 1 1 0 3 1 3 1 2 1 1 1 2 1 4 1 1 0 3 1 3 1 3 1 1 1 1 1 5 1 1 0 5 1 2 1 2 1 1 1 2 1 2 1 1 1 2 0 3 0 3 0 2 1 2 0 3 0 2 1 2 1 4 0 4 1 1 1 1 1 1 0 5 0 5 0 3 0 3 1 2 0 2 0 3 1 2 0 2 0 4 1 4 0 1 0 1 0 2 1 1 1 1 1 5 1 5 0 3 0 3 1 1 0 3 0 3 0 4 0 4 0 2 1 3 1 2 0 2 1 1 1 3 1 3 1 1 1 1 1 5 1 1 1 1 0 4 0 4 0 2 1 3 1 2 1 1 1 1 1 3 0 2 1 1 1 3 1 4 1 1 1 1 0 3 0 5 1 1 1 1 0 5 1 1 1 1 1 2 1 3 1 2 1 1 0 4 1 1 0 2 1 3 0 2 1 3 0 2 0 3 1 2 1 1 1 3 1 3 1 3 1 3 0 3 1 1 1 1 1 4 1 4 1 3 1 3 0 3 1 1 1 3 1 3 1 3 1 1 1 1 1 5 1 1 1 1 0 3 0 3 1 1 0 3 1 1 1 2 1 2 1 3 1 3 1 1 1 3 1 2 1 1 1 1 0 3 1 1 0 3 0 3 0 2 0 3 1 1 0 5 1 1 0 3 1 3 1 4 0 2 1 1 0 3 0 3 0 2 1 1 1 5 0 2 1 5 1 2 1 3 1 2 1 1 1 5 1 1 1 3 0 2 0 3 1 1 1 1 1 5 1 3 1 3 0 2 0 2 1 1 1 1 1 5 1 3 1 1 1 3 1 3 1 1 1 1 1 5 1 1 1 1 1 3 0 2 1 1 0 2 1 5 1 3 1 1 1 3 1 3 1 1 1 1 1 3 1 1 1 1 0 3 0 2 0 2 1 1 1 5 1 3 1 3 1 4 1 1 1 4 0 2 0 3 1 2 1 1 1 2 1 3 1 2 1 1 0 4 1 1 0 2 1 3 1 1 1 3 1 2 0 3 1 1 1 2 1 4 1 4 1 3 1 3 0 3 1 1 1 3 0 2 0 2 1 1 1 1 1 5 1 5 1 1 0 2 0 2 1 1 1 1 1 5 1 5 1 1 1 2 1 3 1 2 1 1 1 5 1 1 1 3 0 3 0 3 1 1 0 3 1 3 1 2 1 2 1 2 1 2 1 1 1 1 1 3 0 3 1 3 0 4 0 4 0 2 1 3 1 4 0 4 1 1 1 2 1 3 1 1 1 1 1 5 0 2 1 3 0 2 0 2 1 1 1 1 1 5 1 5 0 3 0 5 0 3 1 3 1 2 0 3 1 3 1 2 1 3 0 2 1 3 0 2 0 3 1 2 1 1 1 4 1 4 1 3 1 3 0 5 1 1 1 3 1 2 0 3 1 1 1 1 1 7 1 3 1 3 1 5 1 5 0 3 0 3 1 4 0 5 0 5 0 3 0 3 1 2 1 2 0 3 1 3 0 3 0 0 1 1 0 1 0 1 1 1 1 1 1 1 1 1 0 1 1 1 1 1 1 3 1 3 1 3 1 5 0 5 1 3 0 3 0 3 1 2 1 2 0 7 0 3 1 5 1 5 1 1 1 3 1 3 1 3 1 7 1 3 1 5 0 2 1 1 1 1 1 3 1 5 1 3 1 5 0 3 1 1 1 1 0 3 0 4 1 2 0 2 0 4 1 2 0 2 0 3 0 3 0 2 0 2 0 5 0 3 1 3 0 3 0 3 0 3 0 3 1 1 0 3 0 3 0 3 0 3 1 2 1 2 0 5 1 3 0 3 1 1 1 1 0 5 0 5 0 5 0 2 1 4 1 2 0 3 0 2 0 2 1 7 0 3 1 7 0 4 0 4 0 2 1 3 1 4 0 4 1 1 0 4 0 4 0 2 1 3 1 2 1 1 1 1 1 3 1 3 1 3 1 3 0 3 1 1 1 1 0 5 0 3 1 3 0 3 0 3 1 3 1 2 1 3 0 2 1 3 0 2 0 3 1 2 1 1 1 4 1 1 1 4 0 2 0 3 1 2 1 1 1 3 1 3 1 1 1 3 1 2 1 1 1 1 1 5 1 5 1 1 1 1 1 1 0 3 0 3 0 4 0 4 0 2 1 3 1 2 0 2 1 1 0 3 0 3 1 2 0 2 0 6 0 3 0 2 0 3 0 4 1 2 0 2 0 6 0 3 0 2 1 3 1 3 1 1 1 1 1 3 0 3 0 3 1 3 1 5 1 1 1 1 1 5 0 3 0 3 0 5 0 5 1 3 1 3 0 3 1 3 1 3 0 5 0 3 1 3 1 2 0 3 1 3 1 2 1 3 1 3 1 3 1 3 0 3 1 1 1 1 1 5 1 5 1 3 1 3 0 3 1 1 1 1 0 3 0 3 1 1 0 3 1 1 1 2 1 2 1 3 1 3 1 1 1 3 1 2 1 1 1 1 1 3 1 3 0 3 1 3 0 5 1 3 1 3 1 4 1 4 1 4 1 1 0 3 1 2 1 1 0 3 1 5 0 3 0 3 1 1 0 3 0 3 1 3 1 5 1 3 1 3 0 5 0 2 1 3 0 4 1 5 0 4 1 4 0 2 1 1 1 1 1 5 1 5 1 3 1 3 1 3 1 1 1 1 1 5 1 5 1 5 1 1 1 1 1 1 1 1 0 3 0 4 1 2 0 2 0 4 1 2 0 2 1 5 1 5 0 3 0 3 1 1 0 3 0 3 0 5 1 1 0 3 1 3 1 4 0 2 1 1 1 4 1 4 1 2 1 1 0 6 1 1 0 4 0 3 0 4 1 2 0 2 0 4 1 2 0 2 0 2 1 2 0 2 1 2 0 4 0 4 1 4 0 5 0 5 0 3 1 1 1 4 0 2 0 2 0 3 0 4 1 2 0 2 0 4 1 2 0 2 1 4 1 4 1 4 1 1 0 3 1 2 1 1 0 3 1 5 0 3 0 3 1 1 0 3 0 3 0 5 0 5 0 3 1 1 1 4 0 2 1 1 1 5 1 5 1 5 1 1 1 1 1 1 1 1 1 6 1 1 1 6 0 2 1 2 1 2 1 1 1 5 1 7 1 1 1 2 1 7 1 1 1 3 1 3 1 7 1 3 1 5 0 2 1 1 1 1 0 5 0 5 1 3 0 3 0 3 1 2 1 2 1 5 1 5 1 5 1 1 1 1 1 1 1 1 0 6 1 7 0 2 1 2 1 7 0 2 1 3 0 5 0 5 0 3 1 1 1 4 1 1 1 1 0 0 1 1 0 1 0 1 1 1 1 1 1 1 1 5 1 5 1 3 1 3 1 1 1 1 1 1 0 7 0 3 1 5 1 5 1 1 1 1 1 1 1 6 1 1 1 6 0 2 0 3 1 2 1 1 0 7 0 7 1 5 1 5 1 1 1 1 1 1 1 5 1 5 1 5 1 1 1 1 1 1 1 1 1 6 0 5 1 4 0 4 0 3 1 3 1 3 1 5 1 5 1 3 1 3 1 3 1 1 1 1 1 6 1 6 1 6 1 1 0 3 1 2 1 1 1 5 1 5 1 3 1 3 1 1 1 1 1 1 0 7 0 7 1 5 1 5 1 1 1 3 1 3 0 7 0 5 1 3 0 3 1 3 1 2 1 2 1 6 1 6 1 6 1 1 1 2 1 2 1 1 0 0 1 1 0 1 0 1 1 1 1 1 1 1 1 6 0 6 1 4 0 4 0 3 1 2 0 2 1 7 1 8 1 3 1 4 1 2 1 1 1 2 1 7 1 7 1 5 1 5 0 2 1 1 1 1 0 7 0 5 1 3 0 5 1 3 1 1 1 2 
1 1 0 0 0 0 0 1 1 0 0 0 0 0 1 1 0 1 0 1 0 1 1 0 0 0 0 0 1 1 0 1 0 1 0 1 1 0 1 0 1 0 1 1 0 0 0 0 0 1 1 0 0 0 0 0 0 0 1 1 1 1 0 1 1 0 0 0 0 0 1 0 0 1 1 0 0 1 1 0 1 0 1 0 1 1 0 0 0 0 0 0 0 1 2 1 1 0 1 0 0 2 1 1 0 1 1 0 1 0 1 0 1 1 0 0 0 0 0 1 1 0 0 0 1 0 1 1 0 1 0 0 0 1 1 0 0 0 0 0 1 1 1 1 1 1 0 1 1 0 1 0 1 0 0 1 1 1 1 2 0 1 0 1 2 1 1 0 1 1 0 0 0 0 0 0 0 2 2 2 2 1 0 1 2 2 1 2 1 0 1 1 1 1 2 0 0 1 1 0 1 2 1 1 1 1 1 1 0 0 1 0 1 3 1 1 0 1 0 1 2 1 1 0 1 1 1 1 1 2 1 1 0 1 3 1 0 2 1 0 0 1 1 0 0 0 1 2 1 0 2 0 1 1 1 2 1 2 1 0 0 1 2 2 2 1 0 0 2 3 2 3 2 0 0 2 2 1 2 1 0 0 2 2 2 2 1 1 1 1 2 0 1 0 1 0 1 3 1 1 0 1 0 0 1 2 1 0 1 1 0 2 0 0 0 1 0 0 2 1 1 0 0 1 1 1 1 2 0 0 1 1 3 0 1 0 1 0 1 2 1 1 0 1 1 0 0 0 1 0 1 1 0 1 0 0 0 1 1 0 0 0 0 0 0 0 2 2 3 2 0 0 0 2 2 2 2 1 1 0 1 2 1 0 1 1 1 1 1 1 1 0 1 1 1 0 1 1 0 1 1 1 0 1 0 0 1 1 1 0 1 0 0 1 1 1 0 1 0 0 1 0 1 3 1 1 0 1 0 1 2 1 1 0 1 0 0 1 2 1 0 1 1 0 0 1 0 0 1 0 0 1 1 0 0 0 0 1 2 2 2 0 1 0 0 1 1 0 0 0 0 2 2 2 2 1 0 1 2 1 0 2 0 0 0 2 2 2 2 1 0 1 2 1 1 1 0 0 0 2 3 2 3 0 1 0 1 2 1 0 1 1 1 1 1 1 1 0 1 0 2 2 1 0 1 1 0 1 2 1 0 1 1 0 1 2 1 0 1 1 0 1 3 1 0 2 1 0 0 1 1 0 0 0 0 1 1 1 1 0 0 0 2 3 2 3 2 1 1 1 1 1 1 0 0 0 2 1 2 1 0 0 0 2 3 2 3 0 0 1 1 0 1 1 0 0 0 2 2 2 2 2 0 1 1 0 1 1 0 0 1 1 0 1 2 1 1 1 1 1 1 1 1 1 0 1 2 1 0 1 1 1 1 0 1 1 0 1 1 1 0 1 0 0 1 1 1 1 1 0 0 1 0 1 3 1 0 2 1 0 0 1 2 1 0 1 1 0 0 1 0 0 0 0 2 2 2 2 1 0 1 2 1 1 1 1 0 1 2 2 0 2 0 0 0 2 2 2 2 1 0 1 2 2 0 2 0 0 0 2 3 2 3 0 0 0 2 3 2 3 2 0 0 2 2 2 2 1 0 0 2 2 2 2 1 0 0 1 2 2 2 0 1 1 2 1 1 1 0 1 0 1 2 1 0 1 1 0 1 1 1 0 0 1 1 1 1 1 0 0 1 0 1 3 1 1 0 1 0 1 2 1 1 0 1 0 1 2 1 0 1 1 0 0 1 2 1 0 0 0 2 3 2 2 0 0 1 1 0 1 1 1 0 0 1 2 2 2 1 0 0 2 2 2 3 0 1 0 1 1 1 1 0 1 1 1 0 1 1 0 1 1 1 1 1 0 0 0 0 2 4 2 4 1 0 0 2 3 2 3 2 1 0 1 2 1 1 0 1 1 0 0 0 0 0 1 1 0 1 0 1 0 1 0 1 1 2 1 0 1 1 2 1 2 1 0 1 1 1 0 2 0 0 1 1 1 0 1 0 0 1 0 1 2 2 1 1 0 1 1 1 1 2 0 0 0 2 2 2 2 0 1 0 1 2 1 1 0 0 0 3 3 3 3 1 0 1 1 1 1 3 0 0 1 1 0 1 1 1 0 1 1 0 1 1 0 1 1 1 0 1 0 0 1 0 1 1 2 1 0 1 1 1 0 1 1 0 1 1 2 1 1 1 0 1 1 0 0 1 0 0 0 0 2 2 2 2 2 0 1 1 0 1 1 0 0 0 2 2 2 2 1 0 0 2 2 2 2 1 0 0 2 2 2 2 1 0 0 2 2 2 2 2 1 1 1 1 1 1 0 1 0 1 1 1 1 0 1 1 1 0 1 0 0 1 1 1 0 1 0 0 1 0 0 1 2 1 0 1 1 0 0 1 0 0 0 1 2 1 1 1 0 1 1 2 1 1 1 0 0 0 2 2 2 2 2 0 1 2 1 1 1 0 0 0 2 1 2 1 0 1 0 2 2 2 0 1 1 1 2 0 0 0 0 1 0 1 2 2 1 1 0 0 2 2 2 2 2 0 1 2 1 1 1 1 0 1 2 2 2 3 2 1 0 1 2 2 1 1 0 0 3 2 3 2 1 0 1 2 1 1 1 1 1 0 1 2 2 1 1 1 1 2 1 1 1 0 0 0 2 2 2 2 2 0 1 2 1 1 1 1 1 1 2 0 0 0 0 1 1 3 1 1 1 0 0 0 2 2 2 2 2 1 1 1 0 2 0 0 1 0 1 1 2 1 0 1 1 2 0 0 0 0 0 0 2 2 2 2 3 0 1 2 1 1 1 1 1 1 0 0 0 0 0 1 0 2 2 2 0 1 1 1 2 1 2 1 0 1 1 3 1 1 1 0 1 1 2 1 2 1 0 1 1 2 0 0 0 0 0 0 3 2 3 2 2 1 0 2 2 2 0 1 1 1 3 1 1 1 0 1 0 2 2 2 0 1 1 1 2 1 2 1 0 1 0 1 1 2 1 0 1 1 3 1 1 1 0 1 1 0 0 0 0 0 0 0 3 2 3 2 2 0 0 3 1 3 2 2 1 1 2 0 2 0 0 1 0 1 1 3 1 0 
0 0 1 100 0 1 100 1 100 0 0 2 50 50 0 1 100 1 100 0 2 50 50 2 33 66 1 100 0 1 100 1 100 0 2 50 50 2 50 50 3 15 15 69 3 14 21 64 0 4 25 25 25 25 4 20 20 20 40 3 16 16 66 3 20 40 40 3 25 25 50 4 14 14 14 57 3 16 16 66 3 25 25 50 3 33 33 33 1 100 3 14 14 71 3 20 40 40 4 14 14 28 42 6 16 16 16 16 16 16 4 16 16 16 50 4 25 25 25 25 3 9 36 54 4 10 10 10 70 2 12 87 2 50 50 3 12 37 50 3 15 15 69 3 25 37 37 3 14 21 64 1 100 1 100 0 5 12 12 25 25 25 4 25 25 25 25 2 20 80 4 21 21 28 28 2 42 57 2 50 50 2 50 50 2 50 50 4 14 14 14 57 3 16 16 66 2 28 71 1 100 1 100 4 12 12 25 50 1 100 4 11 22 33 33 3 20 20 60 4 20 20 20 40 3 16 33 50 6 10 10 10 10 10 50 2 20 80 3 25 37 37 3 16 16 66 2 50 50 2 20 80 3 33 33 33 1 100 2 30 69 6 14 14 14 14 21 21 2 50 50 4 16 16 33 33 6 11 11 11 22 22 22 2 33 66 4 25 25 25 25 2 33 66 3 20 40 40 4 25 25 25 25 2 20 80 2 33 66 2 50 50 3 25 25 50 3 33 33 33 2 28 71 1 100 4 10 20 30 40 3 14 28 57 4 10 20 20 50 4 25 25 25 25 4 10 10 40 40 6 11 11 11 11 11 44 6 16 16 16 16 16 16 4 25 25 25 25 4 25 25 25 25 4 16 16 16 50 3 11 33 55 2 20 80 2 50 50 3 20 20 60 4 11 11 11 66 3 12 12 75 2 50 50 2 25 75 5 9 9 18 18 45 2 33 66 4 14 14 28 42 5 9 9 18 18 45 3 23 35 41 2 44 55 3 26 26 46 8 10 10 10 10 10 10 20 20 6 14 14 14 14 21 21 3 17 29 52 0 1 100 3 20 40 40 6 12 12 12 12 25 25 3 28 28 42 2 50 50 3 14 28 57 3 33 33 33 4 25 25 25 25 3 23 38 38 8 7 7 14 14 14 14 14 14 4 8 16 25 50 2 40 60 2 25 75 2 44 55 3 10 30 60 2 37 62 3 12 25 62 1 100 4 18 27 27 27 2 42 57 4 11 22 22 44 4 11 22 22 44 4 25 25 25 25 4 25 25 25 25 4 20 20 29 29 3 25 35 40 2 50 50 2 50 50 2 27 72 1 100 3 20 30 50 3 9 36 54 4 23 23 23 30 3 22 33 44 4 12 12 37 37 4 12 12 37 37 2 50 50 3 14 28 57 4 18 27 27 27 3 14 28 57 6 9 9 9 9 27 36 3 14 28 57 6 7 7 14 14 21 35 3 25 25 50 3 12 37 50 3 10 30 60 4 25 25 25 25 3 10 30 60 2 50 50 4 10 10 10 70 4 22 22 22 33 3 23 23 53 3 18 37 43 2 50 50 4 20 20 30 30 3 12 25 62 0 4 12 12 37 37 6 12 12 12 12 25 25 4 6 18 18 56 6 10 10 10 10 30 30 2 50 50 4 12 12 12 62 4 16 16 33 33 4 6 18 18 56 4 12 12 37 37 6 13 13 13 13 23 23 3 25 31 43 4 7 14 14 64 0 6 6 6 18 18 25 25 6 7 7 7 21 28 28 4 20 26 26 26 4 15 15 26 42 
